0	1	2	3	4	5	6	7	8	9	10	11	12	13	14	15	16	17	18	19	20	21	22	23	24	25	26	27	28	29	30	31	32	33	34	35	36	37	38	39	40	41	42	43	44	45	46	47	48	49	50	51	52	53	54	55	56	57	58	59	60	61	62	63	64	65	66	67	68	69	70	71	72	73	74	75	76	77	78	79	80	81	82	83	84	85	86	87	88	89	90	91	92	93	94	95	96	97	98	99	100	101	102	103	104	105	106	107	108
1.0000006	0.25601083	-0.14405176	-0.09947549	0.24525979	-0.013733203	0.04133314	-0.055802364	-0.047511317	0.0146758035	-0.13765086	-0.019661065	-0.11491787	-0.0211588	-0.01109119	-0.023702553	0.03835381	-0.02085063	-0.0127779	-0.1284022	0.02765605	-0.04834331	-0.14387174	-0.023814708	-0.10811726	-0.009402096	-0.12540841	-0.0089513725	0.042195834	-0.104537316	-0.03491057	0.13865972	-0.010444361	-0.06000907	0.00071283797	-0.011340238	-0.036190245	-0.12199058	0.016788315	0.16820222	-0.002503283	-0.0038932688	-0.16104439	0.16479465	-0.0680972	0.16903532	0.027765278	-0.046251174	-0.007941665	0.05620785	-0.01459871	-0.11573397	-0.08243307	-0.019784724	0.06675314	0.04462496	-0.039876133	-0.010808864	-0.00887695	-0.0019757743	0.039219927	-0.09720625	-0.101859584	-0.09720625	-0.009442736	-0.0029539368	-0.001855789	0.0021827405	-0.05154077	-0.06988493	0.0019774802	-0.015017711	0.079880774	-0.00930032	-0.00930032	0.025095744	0.012882798	-0.033363424	-0.033363424	-0.011557979	0.036857188	0.0077656037	0.03596679	-0.013721409	0.054788504	0.043883704	-0.060206108	0.063332856	-0.017960606	-0.002993313	0.0021460664	-0.0062990943	-0.002993313	-0.011813341	0.014146552	-0.0016464866	-0.006485636	0.012922708	-0.026231365	-0.032142352	0.064074524	0.097998835	-0.058500502	-0.007965135	0.12597655	0.08594451	0.0881358	0.0881358	0.005954826
0.25601083	0.9999997	-0.15660241	-0.14368674	0.9628719	-0.10228602	-0.15925018	0.042897426	0.12022161	0.09681507	-0.1586074	-0.05659129	0.023505215	0.11179471	0.1092568	0.13746627	0.17545904	-0.03658325	0.09335113	-0.006351532	-0.17507386	-0.26599082	-0.12700596	-0.03264027	-0.054275315	-0.043336123	-0.015097175	-0.06855604	-0.08844414	-0.07812958	-0.026091643	0.082880825	0.0769913	0.066781424	-0.102143124	-0.115678005	0.09387544	-0.12570153	-0.024809323	0.11995366	-0.026095185	-0.035024446	-0.06898508	0.10790461	-0.031373903	0.11122367	-0.006927396	0.05758866	0.11339945	-0.13864523	-0.01694722	0.012724621	-0.03464069	-0.021853935	0.04634472	0.06556349	-0.09222805	-0.1284505	-0.02186651	0.046540547	0.058068402	-0.09585005	-0.09063053	-0.09585005	0.03768107	0.061728332	0.062493656	0.028183017	-0.048639312	-0.0409359	0.025860447	-0.00023131975	0.065297745	0.10433697	0.10433697	0.03573826	0.104704596	0.07583318	0.07583318	0.07051422	0.11231743	0.029753981	0.11159442	0.055650786	0.13176844	-0.019525765	0.019193202	0.07678219	0.003272267	0.013134346	0.0703214	0.113078035	0.013134346	0.029939992	0.030680308	0.067418724	-0.022116173	0.095134765	0.060590867	0.004815882	-0.055325456	0.004021819	-0.036740746	-0.010014512	0.12401589	0.0802667	0.082365625	0.082365625	0.089786224
-0.14405176	-0.15660241	0.9999999	0.8443401	-0.16284892	-0.12922181	-0.19104066	-0.041119058	-0.05990789	0.13857843	0.35468414	-0.060905755	0.3034439	-0.09400175	0.32043955	0.06940636	-0.11834595	0.12976879	-0.16560015	0.35177597	-0.17675748	0.004909852	0.36684698	0.108334035	0.14170517	-0.11567389	0.3600319	-0.06694847	-0.20472202	0.2974508	-0.06907169	-0.018775731	0.20014372	0.15968223	-0.024320487	-0.10798786	0.081050366	-0.0003627589	0.10364164	0.04071628	0.06037644	0.07510179	0.04285114	0.032300316	-0.09302872	0.02833738	-0.08198945	0.07576385	-0.03856457	0.00035105064	-0.010757328	0.09973807	0.06771065	-0.019640183	0.16161023	0.11550896	0.13555579	-0.071652696	0.0024263891	0.06376691	0.12612852	0.036882285	0.01327391	0.036882285	0.023502069	0.041261032	0.038362406	0.007922046	-0.043196533	-0.043232784	0.024528978	0.05956752	0.026070226	0.07873081	0.07873081	0.00715562	0.07457819	0.093021	0.093021	0.043793287	0.0025788457	-0.020772237	0.0010097739	-0.036226217	-0.0072447457	-0.031988047	-0.015607059	0.0017921809	0.06934948	0.06462817	0.009207641	-0.09480264	0.06462817	-0.048051946	0.030967945	-0.03726079	0.008160361	-0.060637508	-0.06276984	0.058461793	0.00021555428	-0.05425592	0.019017557	-0.030938033	-0.08745721	-0.12548895	-0.12660305	-0.12660305	-0.0968898
-0.09947549	-0.14368674	0.8443401	1.0000004	-0.15900752	-0.13683721	-0.13742314	-0.0017497715	-0.008296462	0.25452882	0.18588272	-0.031706207	-0.0794643	-0.07010574	0.008716634	-0.073550835	-0.042410042	-0.097120784	-0.09941664	-0.08903418	-0.11785292	0.10629319	0.19414732	-0.12508954	-0.119364806	-0.071580015	-0.0856628	-0.019414553	-0.13830678	-0.04669716	-0.038209427	0.033236668	0.07887071	0.049703907	0.0017292115	-0.0047648316	0.0008985552	-0.10039895	0.083349764	0.06341668	0.029666718	0.04693511	0.022835962	0.057575535	-0.07169169	0.052699853	-0.13026784	0.12887101	-0.015383332	0.0016058024	0.0077371346	0.057832967	0.12537657	-1.993836e-05	0.0710547	0.12372714	0.09497064	-0.046579108	-0.0012043817	0.0889415	0.123154975	0.015408952	-0.015846316	0.015408952	0.057839975	0.049441867	0.050702367	0.047513112	-0.06581143	-0.061638545	0.058839023	0.097157046	0.018049004	0.020542376	0.020542376	-0.037751947	0.007962854	0.020309292	0.020309292	0.04022652	-0.009811622	0.034836095	-0.011130657	0.010696965	-0.01873849	0.0027806754	-0.03770105	0.035430796	0.0052963966	0.036875483	-0.008424273	-0.086719364	0.036875483	-0.0072803907	0.0677394	-0.033264328	0.052035037	-0.031716783	-0.07056583	0.011920141	0.051339593	-0.037649844	0.0076869	-0.03417395	-0.021853235	-0.10709214	-0.10918716	-0.10918716	-0.080383286
0.24525979	0.9628719	-0.16284892	-0.15900752	1.0000002	-0.110800944	-0.1689226	0.026517913	0.10025759	0.11522766	-0.15529996	-0.061128344	0.037136372	0.16149974	0.11276829	0.12186596	0.15112133	-0.012818835	0.07140215	0.012841842	-0.18647192	-0.2860106	-0.13258508	-0.0168435	-0.046717428	-0.04623142	0.004293837	-0.08087419	-0.088834494	-0.066820085	-0.036381394	0.0601285	0.067326374	0.09516172	-0.06700991	-0.09517302	0.08198157	-0.09060493	-0.032475796	0.10445895	-0.027743327	-0.036546078	-0.05195758	0.0924166	-0.040756524	0.09559834	0.0049822065	0.03731721	0.09264278	-0.0958569	-0.024093103	-0.01880944	-0.055389345	-0.029119223	0.043228544	0.050815947	-0.10617741	-0.08136936	-0.024103502	0.030074274	0.033729214	-0.07734439	-0.07531932	-0.07734439	0.029240424	0.041620627	0.04253333	0.019049434	-0.07394885	-0.029532587	0.01613898	-0.013503434	0.063215874	0.13547303	0.13547303	0.050095636	0.1376724	0.11317696	0.11317696	0.092366755	0.123512745	0.024641411	0.12275839	0.04705721	0.13986148	-0.026462788	0.0362747	0.06100444	-0.0023533937	-0.00038055336	0.083709754	0.16953857	-0.00038055336	0.049765345	0.024417361	0.09559994	-0.026443765	0.0957751	0.10932958	-0.0045334827	-0.06438858	-0.0061224024	-0.041961174	-0.015581554	0.09977471	0.0704748	0.07266055	0.07266055	0.090289
-0.013733203	-0.10228602	-0.12922181	-0.13683721	-0.110800944	1.0	-0.1182921	-0.054818496	-0.026478276	-0.15774927	0.33807206	-0.0119576845	-0.014323594	-0.07390751	-0.06917695	-0.0097131515	0.006053184	-0.08314832	0.052269664	-0.040177956	-0.08717668	0.12175388	0.06962037	0.13945639	0.23614846	0.100912	-0.0383063	0.1046522	0.21740401	0.13516688	0.0729682	0.1640633	0.022799881	0.04682777	-0.14272097	-0.058657758	-0.012605264	0.018048408	-0.010050696	0.13254769	0.045843817	0.033401333	-0.10283044	0.16212836	0.07941072	0.15223624	0.022024352	-0.11990103	0.022609793	0.14166002	0.09623222	-0.06520623	-0.028801132	0.11087502	-0.07120885	-0.039678574	-0.03558687	0.088671066	0.07499368	-0.0171436	0.020267595	-0.02218928	-0.035212256	-0.02218928	0.01374511	-0.04974096	-0.048652276	0.058028985	-0.0034541637	0.0099549135	0.061963655	-0.070586845	-0.0029362752	0.05325617	0.05325617	0.011337414	0.054839764	0.065208726	0.065208726	-0.019537276	-0.015954051	-0.07335346	-0.009374344	-0.059108514	-0.026652018	-0.075201854	0.008242387	-0.082142554	-0.024082113	-0.06126502	-0.023824641	0.08150393	-0.06126502	-0.034449887	-0.029964315	-0.0057065217	-0.037303682	0.00737679	0.09373134	-0.043617077	0.012583579	0.022649715	-0.064086065	-0.06100487	0.07168573	0.020944156	0.0225957	0.0225957	-0.011478221
0.04133314	-0.15925018	-0.19104066	-0.13742314	-0.1689226	-0.1182921	1.0000002	-0.19292554	-0.22077836	-0.44097456	-0.35911337	-0.0761339	-0.14535515	-0.26922473	-0.20828052	-0.44271365	-0.37646884	-0.29210863	-0.27314743	-0.125593	0.8491087	0.6293341	-0.33043355	-0.25170034	-0.27008557	-0.19363777	-0.12036874	-0.20163217	-0.33003515	-0.1492645	-0.18911415	0.028578721	-0.22678667	-0.22010025	0.04519482	-0.002523867	-0.07514387	-0.011575231	-0.1362321	0.10938861	-0.10779119	-0.109905906	0.09004394	0.09955064	0.100271285	0.11122978	-0.08087622	-0.016774038	-0.026010113	0.061902482	-0.023349473	-0.0420302	-0.014680251	-0.034804285	-0.118964024	-0.005418038	-0.012831108	0.024073727	-0.061253335	0.11680641	0.022157328	-0.09855608	-0.08441194	-0.09855608	0.041913226	0.16930297	0.1670321	0.029431272	-0.12641542	-0.1404272	-0.014645534	0.07844441	-0.014038029	-0.07291195	-0.07291195	-0.05934999	-0.09914382	-0.079471946	-0.079471946	-0.02181262	-0.05694195	0.058662523	-0.06250675	0.023686416	-0.055046715	0.020910304	-0.04362714	0.03242921	-0.054594122	-0.0017078418	-0.026030082	-0.048776783	-0.0017078418	-0.014059398	0.07553721	-0.031935994	0.011084316	0.0010207256	-0.081348754	-0.014468326	-0.0060227416	0.03630663	0.007898698	-0.0023874333	0.019508446	0.0114218285	0.008634429	0.008634429	-0.002452407
-0.055802364	0.042897426	-0.041119058	-0.0017497715	0.026517913	-0.054818496	-0.19292554	1.0000006	0.89653665	0.45064628	-0.22425245	0.38536376	-0.086809605	0.15027347	-0.12024306	-0.12050351	-0.07722457	-0.14282845	-0.010624688	-0.07728437	-0.03625908	-0.12916727	-0.23305224	-0.13768129	-0.15554105	-0.12942791	-0.08491337	-0.10858561	-0.13016164	-0.09641137	0.014596608	0.09592163	-0.060910616	-0.02146483	0.059388746	0.011420195	0.03560214	-0.03514995	-0.038249057	0.05858063	-0.028297717	-0.029626658	0.022073925	0.09438675	-0.06626327	0.07855217	0.086595826	0.052176844	0.25446683	-0.0040116482	0.027195795	0.067184426	0.07303143	0.03533036	-0.024504462	0.04322466	0.16151257	-0.010220897	-0.058813266	0.009633932	-0.0031698185	0.10193128	0.09107192	0.10193128	0.01924718	0.04827991	0.04340625	0.051872153	0.020919256	0.055759132	0.0591828	0.06518487	-0.0041115526	0.030080266	0.030080266	0.02681917	0.023685649	0.0034138272	0.0034138272	0.078683175	0.044607922	0.039722174	0.038460013	0.03748878	0.04886411	0.036037188	0.10647936	0.02679015	0.074019484	0.0818999	0.090868786	-0.0074183773	0.0818999	0.08069452	-0.002587781	0.043070327	-0.03061745	-0.026340395	0.07054191	0.06126792	-0.058531277	0.008633429	0.10772364	0.1626944	-0.0020501192	-0.046853025	-0.050148614	-0.050148614	-0.0042676567
-0.047511317	0.12022161	-0.05990789	-0.008296462	0.10025759	-0.026478276	-0.22077836	0.89653665	0.9999998	0.50846064	-0.11723772	0.33966196	0.09141412	0.11253199	-0.10845787	-0.041849054	-0.00064434955	-0.037842225	-0.025904167	-0.047602773	-0.06693073	-0.15046844	-0.22292401	-0.014470326	-0.13878538	-0.13051361	-0.06407334	-0.1147483	-0.03922523	-0.101649754	0.17531829	0.115475915	-0.056578133	-0.04528183	0.06264964	0.01663857	0.015915329	-0.03461988	-0.065748975	0.0731958	-0.046705853	-0.04805097	0.019989118	0.09509552	-0.012880648	0.08984329	0.051776968	0.046514627	0.23297903	0.0021458403	0.032524567	0.06972349	0.07730902	0.038689494	-0.06990993	0.05806116	0.11876769	-0.011261925	-0.06705834	-0.0026994415	-0.025919976	0.12941347	0.12548083	0.12941347	0.041916322	0.020052446	0.015888644	0.0651326	0.03139337	0.06600557	0.08034442	0.07679856	0.03862808	0.039081827	0.039081827	0.056962255	0.029386383	0.023430437	0.023430437	0.11481599	0.08933013	0.06131464	0.08353103	0.06444761	0.09046833	0.07298059	0.12406117	0.048390318	0.041904934	0.07183316	0.10749234	0.04534141	0.07183316	0.10875611	0.00042689685	0.038759634	0.0048136287	-0.027517453	0.106550545	-0.0067441035	-0.037727002	-0.005740443	0.08256834	0.13417166	0.0385844	-0.040030852	-0.042643297	-0.042643297	0.0034308843
0.0146758035	0.09681507	0.13857843	0.25452882	0.11522766	-0.15774927	-0.44097456	0.45064628	0.50846064	1.0	0.12486812	0.1770373	0.021442834	0.021456724	-0.19747564	0.0049034115	0.076490305	0.070467316	0.09347625	-0.07386449	-0.31612566	-0.17338459	0.015929285	0.080327086	-0.20302017	-0.17684944	-0.08882886	-0.20702662	0.06599169	-0.15205593	0.17532559	-0.014957152	0.10268832	-0.055964183	0.15220332	0.0780231	-0.013218647	-0.064794615	-0.07040334	-0.014719702	-0.09151651	-0.094041735	0.0648578	-0.004445858	-0.0939017	-0.0065070377	-0.014761028	0.12247017	0.08492925	-0.027211703	-0.056521636	-0.016773403	0.03509588	-0.04892473	-0.024666542	0.003979044	0.012036205	-0.025949918	-0.073615566	-0.012516839	-0.022347556	0.109315425	0.07982667	0.109315425	-0.087529644	-0.017783664	-0.011367275	-0.0641224	0.09867142	0.09792004	-0.043026388	0.053350937	0.011432605	-0.047268935	-0.047268935	0.028762024	-0.03480586	-0.032330837	-0.032330837	0.031312563	0.08208162	0.023046896	0.083292395	0.03633552	0.083938316	0.124932185	0.0648931	0.040318396	-0.034880966	0.0006396192	-0.0059346673	-0.031853747	0.0006396192	0.011020997	-0.019664437	-0.042642687	0.042900257	-0.043979246	0.03984353	0.061332792	0.0048968317	-0.05015281	0.03929133	0.059173483	-0.05770238	-0.08175994	-0.08068056	-0.08068056	-0.0033107721
-0.13765086	-0.1586074	0.35468414	0.18588272	-0.15529996	0.33807206	-0.35911337	-0.22425245	-0.11723772	0.12486812	1.0	-0.10502731	0.48561546	-0.14693719	0.1766734	0.022152545	-0.25229552	0.48063883	-0.21843317	0.4172067	-0.3699699	0.059309814	0.5713737	0.4929394	0.29787022	-0.07902282	0.4105568	0.007170428	0.26579264	0.44741702	0.05293505	-0.017986692	0.2375226	0.23368274	-0.06264147	-0.12787825	0.0698148	0.08017664	0.15638357	0.02760535	0.15642688	0.15738237	-0.05956412	0.021282215	0.037686814	0.018664017	-0.021764029	-0.09000359	-0.076816164	0.1504907	-0.0622627	-0.057720914	-0.10099382	-0.041067667	0.09525204	-0.06704896	0.049190156	0.048323527	0.08473447	-0.041311957	0.016295489	0.039142117	0.020360012	0.039142117	-0.0872771	-0.108996324	-0.10206031	-0.09449361	0.05426362	0.029761009	-0.044070892	-0.0024694703	0.059828255	0.008846174	0.008846174	0.06859075	0.017833509	0.05265511	0.05265511	-0.04881086	0.018565807	-0.08204805	0.0237938	-0.06296391	-0.0073730815	0.0062759067	-0.0034578186	-0.067109056	-0.04461731	-0.06762257	-0.07043533	0.015921423	-0.06762257	-0.131523	-0.05939951	-0.070970036	-0.021949722	-0.03866894	0.027107669	0.054505873	-0.027783383	-0.014317188	-0.019803159	-0.062390126	-0.045301978	-0.025761671	-0.021490034	-0.021490034	-0.039265424
-0.019661065	-0.05659129	-0.060905755	-0.031706207	-0.061128344	-0.0119576845	-0.0761339	0.38536376	0.33966196	0.1770373	-0.10502731	0.9999999	-0.060763072	0.18265294	-0.047641356	-0.088298105	-0.049370587	-0.10293351	-0.022841498	-0.047813606	0.059154592	0.011827744	-0.086041614	-0.06389654	-0.07394665	-0.035340007	-0.046589866	-0.0045333947	0.065425426	-0.070859	0.19256231	-0.0131906755	-0.06457129	-0.028868614	0.08776447	0.056245748	-0.039473526	-0.019813877	-0.006947432	-0.07126546	-0.0019859192	-0.002574058	0.028387658	-0.012862503	-0.032240644	-0.012292431	-0.062082883	0.02002413	0.1489623	-0.05008126	0.11952772	0.071893	-0.002184305	0.11423782	0.015129322	-0.011845081	0.040956255	-0.050338976	-0.007900781	0.0435035	0.05690282	-0.028258162	-0.02091814	-0.028258162	0.06045543	0.089811586	0.08987498	0.10730561	-0.07697878	-0.0478132	0.094168685	-0.013864181	0.015631763	0.022927746	0.022927746	0.07433969	0.02947062	0.0074433982	0.0074433982	-0.048288178	-0.0085736355	-0.08096446	-0.019885976	-0.09176197	-0.011404214	0.00026934658	-0.020499578	-0.045438692	-0.056587078	-0.081676826	-0.044269584	0.0418561	-0.081676826	-0.016610028	0.010339018	0.028504632	-0.07812254	-0.00072675466	0.011054453	0.008840344	-0.031856593	0.013648276	-0.03443944	-0.032783657	0.035419982	0.0551096	0.05608674	0.05608674	0.048198257
-0.11491787	0.023505215	0.3034439	-0.0794643	0.037136372	-0.014323594	-0.14535515	-0.086809605	0.09141412	0.021442834	0.48561546	-0.060763072	0.9999998	-0.080501124	0.5984498	0.31989685	-0.09155525	0.58607525	-0.19024345	0.87058055	-0.17492558	-0.21999776	0.33243313	0.5870331	0.47034636	-0.13878526	0.8533552	-0.13088089	-0.045093242	0.6358557	0.12744015	-0.08241756	0.20955585	0.1967701	-0.01752989	-0.12552638	0.10940042	0.11940674	0.026787844	-0.06080753	0.04175898	0.03991844	0.035175636	-0.068092845	-0.0029202448	-0.06725691	0.011452098	-0.07127343	-0.042485792	-0.025513954	-0.015226349	0.07942291	-0.07147532	-0.02063531	0.112917036	0.0010501402	0.030505406	-0.023651136	-0.009258557	-0.04724583	-0.017212806	0.09461793	0.10925513	0.09461793	-0.028578676	-0.050602596	-0.0560028	-0.048470452	0.058926206	0.05951525	-0.013816365	-0.026771922	0.052945234	0.1012899	0.1012899	0.10177068	0.109515935	0.13999726	0.13999726	0.05770869	0.062158093	-0.050937217	0.061270054	-0.0350794	0.051307105	-0.029334933	0.0637668	-0.050566744	0.03639793	0.0027283346	0.019401645	0.02841488	0.0027283346	-0.063705504	-0.05323755	-0.04090889	-0.039950326	-0.04281328	0.02506212	0.019297037	-0.07094528	-0.021806499	0.052654862	0.015497596	-0.06722611	-0.048187423	-0.046183538	-0.046183538	-0.041359544
-0.0211588	0.11179471	-0.09400175	-0.07010574	0.16149974	-0.07390751	-0.26922473	0.15027347	0.11253199	0.021456724	-0.14693719	0.18265294	-0.080501124	1.0000002	-0.10506585	-0.18035164	-0.15752202	-0.072025165	-0.11376331	-0.0718712	-0.29289562	-0.3416616	-0.16277413	-0.10773787	-0.12639369	-0.096042074	-0.06915807	-0.09396509	-0.04503251	-0.10669247	0.06583875	-0.026879193	0.068001196	0.2265176	-0.021586835	-0.047972683	0.053934053	0.053051166	-0.0051000533	-0.122587465	-0.026731184	-0.03584861	0.08681338	-0.09945167	0.010588498	-0.098986365	0.10590991	-0.1436866	0.06535474	0.1495009	0.06345511	-0.098101914	-0.09965638	0.071132645	0.02305415	-0.10977425	0.11018887	0.106031045	0.018345464	0.039570034	0.048487704	0.0055267406	-0.012405978	0.0055267406	0.040560566	-0.005663827	-0.0044469535	0.04278365	-0.02085352	0.016608765	0.03745038	-0.014556977	0.030817712	0.14705598	0.14705598	0.13049236	0.15034847	0.11902325	0.11902325	0.044612426	0.051679637	-0.060371734	0.045452755	-0.04559872	0.078018144	-0.03238955	0.053401068	-0.036738466	0.015583471	-0.042620298	0.04418834	0.15414383	-0.042620298	0.05665176	-0.01960045	0.1229536	-0.064482905	-0.0091426205	0.12097848	-0.06521809	-0.008189113	0.0031849067	-0.027677	-0.04170341	0.09320879	0.13322386	0.13570945	0.13570945	0.13746694
-0.01109119	0.1092568	0.32043955	0.008716634	0.11276829	-0.06917695	-0.20828052	-0.12024306	-0.10845787	-0.19747564	0.1766734	-0.047641356	0.5984498	-0.10506585	1.0000007	0.46726948	0.16600297	0.30777097	-0.20622304	0.6859021	-0.24315193	-0.33560443	0.18942456	0.3154212	0.34583178	-0.13889496	0.6826127	-0.14701399	-0.21364838	0.49262238	-0.086966	-0.09670593	0.20542872	0.20822676	-0.053111404	-0.1595428	0.18799996	0.18768461	0.07292478	-0.08827983	0.086658284	0.084129296	0.07137299	-0.08763454	-0.07776728	-0.0957678	0.024826214	-0.10238029	-0.05942506	-0.0871793	0.020245407	0.095175974	-0.017477017	0.012822255	0.15170951	0.117639475	0.006499273	-0.07070055	-0.026031619	-0.08040266	0.037780765	0.06441973	0.10653169	0.06441973	-0.016956674	-0.050869823	-0.06032985	-0.014838276	0.005748361	0.007103176	-0.0071065556	-0.0551706	0.013522004	0.11335291	0.11335291	0.029071985	0.119227044	0.0949921	0.0949921	0.03438183	0.023449766	-0.044438656	0.022297615	-0.030902619	0.016628698	-0.08210388	0.03541966	-0.035332758	0.14894001	0.080157526	0.08499266	0.00093947817	0.080157526	-0.020047419	-0.090999186	0.050415028	-0.085973114	-0.014575956	0.0051613958	0.0851188	-0.09820828	-0.023844045	0.029622516	0.0016741685	-0.050358314	0.0024112833	-0.00019264968	-0.00019264968	0.0035541249
-0.023702553	0.13746627	0.06940636	-0.073550835	0.12186596	-0.0097131515	-0.44271365	-0.12050351	-0.041849054	0.0049034115	0.022152545	-0.088298105	0.31989685	-0.18035164	0.46726948	1.0000004	0.80099237	0.2500952	0.5998527	0.2856439	-0.5207585	-0.6054965	0.307592	0.109154455	0.45828286	0.40478596	0.27453244	0.4245274	0.11854329	0.31858632	0.22057633	0.039858997	0.08081809	0.031281713	-0.08750212	0.1040904	-0.022517923	-0.038637582	0.08342486	-0.11665772	0.05332831	0.06912297	-0.12711947	-0.11620443	-0.11274053	-0.113590844	0.043658845	0.07016604	0.022576297	-0.2749316	0.073987156	0.17714171	0.14197284	0.0682932	0.07825445	0.034398694	-0.13669488	-0.11846451	0.0065958803	-0.141277	-0.07160201	0.09393255	0.12554999	0.09393255	0.019567564	-0.11150091	-0.115922295	0.049826078	0.10253092	0.117319435	0.08053535	-0.079122834	0.0029623273	0.08618406	0.08618406	0.013477702	0.10291163	0.09920185	0.09920185	0.14152344	0.08068097	0.074743874	0.08181424	0.08681153	0.066870905	-0.031205388	0.08292936	-0.016729161	0.08650271	0.059636522	0.11506228	0.09289189	0.059636522	0.1110852	-0.051092587	0.056500066	0.05948606	0.048439372	0.10389761	-0.11403198	0.029976893	-0.049552005	0.05830984	0.06642355	-0.033271223	-0.06356509	-0.06579845	-0.06579845	-0.0436292
0.03835381	0.17545904	-0.11834595	-0.042410042	0.15112133	0.006053184	-0.37646884	-0.07722457	-0.00064434955	0.076490305	-0.25229552	-0.049370587	-0.09155525	-0.15752202	0.16600297	0.80099237	1.0	-0.07728566	0.7357773	-0.19815947	-0.42043138	-0.5422602	0.033629674	-0.12152028	0.196328	0.49008757	-0.2072711	0.38873264	0.24955909	-0.21456762	0.2961853	0.03973141	-0.029964639	-0.1086232	-0.048864283	0.16892979	-0.07389245	-0.08308555	-0.008690211	-0.096786	-0.016682232	-0.008651164	-0.10582836	-0.090705976	-0.10395677	-0.0953524	0.02731401	0.07859628	0.045201045	-0.25739083	0.12043507	0.18502507	0.2130628	0.10707849	0.014889523	0.06220178	-0.17858522	-0.1301778	-0.022713147	-0.11059358	-0.063170895	0.07916108	0.11091393	0.07916108	0.07149288	-0.09328928	-0.09892962	0.10478927	0.09242944	0.11819089	0.12668456	-0.0957293	-0.020923525	0.057900436	0.057900436	-0.019722328	0.075139135	0.057439078	0.057439078	0.13920584	0.07608313	0.09893509	0.07797872	0.10091273	0.07093645	-0.0066311723	0.056603372	0.02397605	0.06774775	0.07243425	0.11067909	0.07114773	0.07243425	0.1660502	-0.014641316	0.07312549	0.10068972	0.04880796	0.085546754	-0.14145125	0.08388409	-0.0405572	0.05331074	0.07019647	-0.0042948783	-0.029246675	-0.03303815	-0.03303815	0.00096211856
-0.02085063	-0.03658325	0.12976879	-0.097120784	-0.012818835	-0.08314832	-0.29210863	-0.14282845	-0.037842225	0.070467316	0.48063883	-0.10293351	0.58607525	-0.072025165	0.30777097	0.2500952	-0.07728566	0.9999999	-0.22615503	0.52040464	-0.3432189	-0.36051464	0.1880078	0.79926544	0.24056016	-0.100524746	0.5110248	-0.022497926	0.3659481	0.44830665	0.19382899	-0.040174987	0.084739454	0.18053061	0.029645141	-0.03835946	0.0017794794	0.053387746	0.1583412	-0.10894152	0.14264672	0.15118316	-0.08822712	-0.120398365	-0.036435537	-0.119200654	-0.01930099	-0.0076083145	-0.08688906	-0.043513577	-0.08193989	-0.03878381	-0.11772485	-0.07734478	0.07197139	-0.06428331	0.009281578	0.026561612	0.052326478	-0.114465505	-0.06198986	0.004749496	0.010955781	0.004749496	-0.07661407	-0.10609923	-0.1084715	-0.1058314	0.0010340591	-0.013420239	-0.070196874	0.028127214	0.09263823	0.011372821	0.011372821	0.11973407	0.023194302	0.05154954	0.05154954	0.058566157	0.08938213	0.01984143	0.087927185	0.028841691	0.06253526	0.061335564	0.060725633	-0.012318538	-0.0007388812	0.0061141057	0.015644584	0.026711	0.0061141057	-0.07387037	-0.028619291	-0.024659889	-0.059336726	0.027982004	0.05001557	0.005313645	-0.06205693	-0.007128037	-0.009552863	-0.013586441	-0.10090924	-0.06583924	-0.06257444	-0.06257444	-0.048765544
-0.0127779	0.09335113	-0.16560015	-0.09941664	0.07140215	0.052269664	-0.27314743	-0.010624688	-0.025904167	0.09347625	-0.21843317	-0.022841498	-0.19024345	-0.11376331	-0.20622304	0.5998527	0.7357773	-0.22615503	0.99999917	-0.17217152	-0.299016	-0.38711926	0.20052597	-0.26171738	0.3270322	0.6394939	-0.17676653	0.5746299	0.22204931	-0.14054942	0.05231394	0.035300285	-0.04173998	-0.13599056	-0.044300694	0.20792049	-0.11635952	-0.14735948	-0.0020099455	-0.048936084	-0.03426885	-0.023108494	-0.20260382	-0.04403605	-0.081687294	-0.042143635	0.08933989	0.081762515	0.09132804	-0.20727286	0.09057971	0.13007136	0.20313561	0.08041921	0.00860512	-0.015683237	-0.1401991	-0.09193769	0.0046482906	-0.10088656	-0.08763731	0.057985835	0.05825335	0.057985835	0.07709656	-0.09169952	-0.094682164	0.11278976	0.11818431	0.15575692	0.14207955	-0.13690819	-0.035006512	0.064208366	0.064208366	-0.017157167	0.07301712	0.0771279	0.0771279	0.099778615	0.027769534	0.059415217	0.030798914	0.040302824	0.028641822	-0.032907818	0.012522296	-0.026040655	-0.008886649	-0.015108629	0.013732119	0.05570091	-0.015108629	0.09810706	0.028368909	0.015835544	0.11080903	0.031068468	0.0713845	-0.12571497	0.09122305	-0.05571524	0.051284213	0.09954238	-0.022987302	-0.037011515	-0.038792517	-0.038792517	-0.02290173
-0.1284022	-0.006351532	0.35177597	-0.08903418	0.012841842	-0.040177956	-0.125593	-0.07728437	-0.047602773	-0.07386449	0.4172067	-0.047813606	0.87058055	-0.0718712	0.6859021	0.2856439	-0.19815947	0.52040464	-0.17217152	1.0	-0.1375725	-0.19104385	0.41446725	0.51970124	0.5685834	-0.121762626	0.9801994	-0.11002661	-0.16831256	0.7519697	-0.08799338	-0.11267211	0.24335268	0.22839527	-0.050310805	-0.17847642	0.1602364	0.15349907	0.031401575	-0.06316787	0.03494885	0.033366527	0.053153366	-0.06915206	-0.015296606	-0.06858151	0.04946891	-0.097510345	-0.063545614	-0.016211595	-0.05071941	0.037743405	-0.08852045	-0.054485183	0.14160436	-0.006121362	0.05638679	-0.00019218851	0.011095322	-0.054318544	0.007632278	0.06881826	0.07475155	0.06881826	-0.048272397	-0.031760853	-0.038089298	-0.06320582	0.04720531	0.048651095	-0.038130324	-0.059789225	0.016157206	0.123540126	0.123540126	0.076582894	0.12941645	0.15763973	0.15763973	0.023347493	0.021172348	-0.09084399	0.020347962	-0.07863962	0.011387952	-0.06497567	0.045640577	-0.06562588	0.063232884	0.0086895265	0.0108958185	0.0045263898	0.0086895265	-0.1041841	-0.06568363	-0.03721851	-0.0820941	-0.04806823	0.018447882	0.08006492	-0.10500787	-0.03475028	0.027766528	0.009732675	-0.09993106	-0.042862065	-0.041130267	-0.041130267	-0.04839359
0.02765605	-0.17507386	-0.17675748	-0.11785292	-0.18647192	-0.08717668	0.8491087	-0.03625908	-0.06693073	-0.31612566	-0.3699699	0.059154592	-0.17492558	-0.29289562	-0.24315193	-0.5207585	-0.42043138	-0.3432189	-0.299016	-0.1375725	1.0000002	0.7689352	-0.36827925	-0.32022834	-0.2942271	-0.20786005	-0.13874286	-0.20663051	-0.39468518	-0.18726142	-0.19612324	-0.004688908	-0.22079036	-0.2362061	0.073775396	0.03943951	-0.07743276	-0.03879148	-0.13904968	0.07928111	-0.110480174	-0.11275883	0.1389589	0.06898096	0.09887021	0.07410464	-0.16262603	0.023294354	-0.051500432	0.049645666	-0.01994557	-0.029515453	-0.038233873	-0.032219846	-0.11600984	-0.022012854	0.0019274467	0.030836418	-0.08131276	0.13371351	0.0031268338	-0.0621378	-0.06516744	-0.0621378	0.05593535	0.18243079	0.18031146	0.029032748	-0.089715615	-0.09929029	-0.016897092	0.022409754	-0.07151464	-0.078587405	-0.078587405	-0.0845352	-0.10706006	-0.08421988	-0.08421988	-0.110464774	-0.13939875	-0.043596126	-0.14183316	-0.07602391	-0.1350863	-0.028474728	-0.11328851	0.011865966	-0.05961195	-0.020607427	-0.08160558	-0.11306945	-0.020607427	-0.066694275	0.06187913	-0.065557785	0.0005476613	-0.019731656	-0.12983574	0.032605983	-0.00724281	0.025940293	-0.01866907	-0.015337271	-0.024534496	-0.014209869	-0.016658958	-0.016658958	-0.047013793
-0.04834331	-0.26599082	0.004909852	0.10629319	-0.2860106	0.12175388	0.6293341	-0.12916727	-0.15046844	-0.17338459	0.059309814	0.011827744	-0.21999776	-0.3416616	-0.33560443	-0.6054965	-0.5422602	-0.36051464	-0.38711926	-0.19104385	0.7689352	1.0000004	-0.011651123	-0.31921795	-0.27286503	-0.2527311	-0.19640885	-0.15696654	-0.30475172	-0.08936342	-0.17975692	-0.011212195	-0.08075791	-0.15205406	0.046484303	0.010743609	-0.04508258	-0.010146959	-0.08094082	0.09623997	-0.04591684	-0.045101948	0.14517121	0.08424292	0.1693631	0.08498539	-0.17030199	0.030386595	-0.12678117	0.144255	-0.07474093	-0.06336307	-0.07189345	-0.062115956	-0.09172917	-0.052545495	0.03303523	0.046208397	-0.032594748	0.13667901	0.018177785	-0.06783845	-0.087840684	-0.06783845	-0.03100424	0.130755	0.13345376	-0.05772179	-0.036263157	-0.080847666	-0.07510878	0.033063747	-0.08607967	-0.14892617	-0.14892617	-0.10519334	-0.17504369	-0.14713997	-0.14713997	-0.2211691	-0.17734407	-0.10582732	-0.17420729	-0.10986161	-0.17464632	-0.007960618	-0.15768568	-0.02855206	-0.11946724	-0.09316061	-0.17211477	-0.12981857	-0.09316061	-0.13064618	0.03322821	-0.12021072	0.024970336	-0.054472636	-0.13623388	0.047147222	0.022705866	0.044219654	-0.06141293	-0.07920728	-0.016296078	-0.006213846	-0.006812579	-0.006812579	-0.060420424
-0.14387174	-0.12700596	0.36684698	0.19414732	-0.13258508	0.06962037	-0.33043355	-0.23305224	-0.22292401	0.015929285	0.5713737	-0.086041614	0.33243313	-0.16277413	0.18942456	0.307592	0.033629674	0.1880078	0.20052597	0.41446725	-0.36827925	-0.011651123	1.0	0.08447597	0.61046153	0.478304	0.4221376	0.5262618	0.19187966	0.41327983	0.0060677654	0.019180242	0.18394668	0.10857038	-0.08901575	0.025493108	-0.014740399	-0.019853925	0.060661484	0.002506271	0.022727124	0.030714797	-0.08297529	-0.0075652045	0.023089284	-0.0042787977	0.094591856	-0.00634769	-0.07845278	-0.038549718	0.017923854	0.10396497	0.067116365	0.038936246	0.15612236	0.02021574	-0.0051590973	-0.16047437	-0.007667383	-0.057549294	0.029288355	0.1229452	0.118835546	0.1229452	-0.02748639	-0.0969166	-0.0944075	-0.014025908	0.15780231	0.15728565	0.026378661	-0.07987392	0.0140969865	0.05115837	0.05115837	0.03597222	0.06293874	0.09440646	0.09440646	-0.08623873	-0.034562636	-0.13469172	-0.021740768	-0.09139839	-0.05160791	-0.055132847	-0.06559871	-0.0969551	-0.09131793	-0.13639195	-0.11434287	0.063641526	-0.13639195	-0.12560599	-0.069043905	-0.08767526	-0.011588439	-0.05042357	0.030593565	0.008089792	0.0024931852	-0.018414272	-0.012860476	-0.043050792	-0.08008301	-0.027951248	-0.024153097	-0.024153097	-0.051470213
-0.023814708	-0.03264027	0.108334035	-0.12508954	-0.0168435	0.13945639	-0.25170034	-0.13768129	-0.014470326	0.080327086	0.4929394	-0.06389654	0.5870331	-0.10773787	0.3154212	0.109154455	-0.12152028	0.79926544	-0.26171738	0.51970124	-0.32022834	-0.31921795	0.08447597	1.0000007	0.33223134	-0.17275627	0.5267085	-0.18907681	0.46357986	0.42281353	0.22191986	-0.08775163	0.098583415	0.14695746	0.009120775	-0.14802836	0.047765017	0.110652395	0.060015008	-0.032401357	0.100893505	0.09170522	-0.04961121	-0.046260312	-0.034064453	-0.043938696	-0.0135395825	-0.060697354	-0.06384752	0.044879396	-0.097238146	-0.042084426	-0.14069453	-0.10426266	0.07409038	-0.03440716	0.00857965	0.10144958	0.09084635	-0.09696162	-0.029161382	-0.0321747	-0.03143116	-0.0321747	-0.08018219	-0.094599314	-0.09687449	-0.0978865	-0.015542427	-0.041309062	-0.08583044	0.039372608	0.08132579	-0.0030143436	-0.0030143436	0.081441805	0.008957868	0.03096363	0.03096363	0.047753587	0.077585615	0.02464875	0.0761021	0.040947355	0.05764058	0.045366008	0.09569848	0.013782337	0.03662698	0.046764296	0.049915336	0.009153711	0.046764296	-0.055746313	-0.016837412	-0.013981403	-0.06690987	0.0010647468	0.04051421	0.029522127	-0.06826701	-0.002811147	0.0012660989	-0.0017009856	-0.035219356	-0.048951842	-0.04563487	-0.04563487	-0.045259498
-0.10811726	-0.054275315	0.14170517	-0.119364806	-0.046717428	0.23614846	-0.27008557	-0.15554105	-0.13878538	-0.20302017	0.29787022	-0.07394665	0.47034636	-0.12639369	0.34583178	0.45828286	0.196328	0.24056016	0.3270322	0.5685834	-0.2942271	-0.27286503	0.61046153	0.33223134	0.9999998	0.6282686	0.5752579	0.5196556	0.3537236	0.5386337	0.0069421176	-0.015177484	0.082124054	0.079943985	-0.13707878	0.00523247	0.0004416691	0.029008478	-0.027113168	-0.011045796	-0.02267794	-0.02460329	-0.11900672	-0.008437648	-0.06569332	-0.013729038	0.13895376	-0.04936213	-0.048564713	-0.05998448	0.05085455	0.108084105	0.03469723	0.041275863	0.14761373	0.0128059145	-0.026486304	-0.06230331	0.04722627	-0.11515846	-0.027574912	0.07290963	0.08556877	0.07290963	0.03636636	-0.111558475	-0.11421231	0.03608674	0.099501155	0.12454362	0.055836614	-0.12927555	-0.022220008	0.10664239	0.10664239	-0.019855242	0.1116462	0.15315473	0.15315473	0.023045884	-0.03008096	-0.07735508	-0.023155542	-0.044151805	-0.044490147	-0.13386689	0.044181287	-0.09564882	0.028387282	-0.024870696	0.01720109	0.10212252	-0.024870696	-0.013129079	-0.04531077	-0.021412432	-0.02244339	-0.024142409	0.053737167	-0.036521	-0.036748454	-0.018505305	-0.008137886	-0.0138767315	-0.027734295	-0.032166287	-0.02919869	-0.02919869	-0.06830815
-0.009402096	-0.043336123	-0.11567389	-0.071580015	-0.04623142	0.100912	-0.19363777	-0.12942791	-0.13051361	-0.17684944	-0.07902282	-0.035340007	-0.13878526	-0.096042074	-0.13889496	0.40478596	0.49008757	-0.100524746	0.6394939	-0.121762626	-0.20786005	-0.2527311	0.478304	-0.17275627	0.6282686	1.0000002	-0.118893825	0.8343108	0.50573003	-0.085442185	0.120648496	0.08579099	-0.15082632	-0.15119228	-0.10341636	0.22110501	-0.18774144	-0.15906316	-0.061404448	0.0050497847	-0.07613407	-0.07682466	-0.21502098	0.007135703	-0.07522883	0.00895546	0.1337587	0.04030017	0.030601805	-0.1497669	0.14665093	0.1416284	0.18763538	0.13773544	0.06402058	0.04436291	-0.10794175	-0.16335821	-0.0049317023	-0.09787554	-0.028003434	0.08440889	0.10096101	0.08440889	0.12439465	-0.0997437	-0.09825144	0.14108513	0.091188096	0.14271483	0.14878641	-0.12495316	-0.02309668	0.071025476	0.071025476	-0.047513973	0.07762715	0.104538776	0.104538776	0.027370585	-0.03667999	-0.023003777	-0.026032906	-0.001760553	-0.049674295	-0.10074913	-0.022130823	-0.056757987	-0.04114407	-0.05801788	0.0039004823	0.13924885	-0.05801788	0.06002238	-0.0035763888	0.018493384	0.032234207	0.020180555	0.04658093	-0.09289277	0.03442487	-0.016665973	-0.032879364	-0.027061349	0.0008558339	-0.008532708	-0.00660736	-0.00660736	-0.020312767
-0.12540841	-0.015097175	0.3600319	-0.0856628	0.004293837	-0.0383063	-0.12036874	-0.08491337	-0.06407334	-0.08882886	0.4105568	-0.046589866	0.8533552	-0.06915807	0.6826127	0.27453244	-0.2072711	0.5110248	-0.17676653	0.9801994	-0.13874286	-0.19640885	0.4221376	0.5267085	0.5752579	-0.118893825	1.0000004	-0.107154354	-0.16323227	0.758498	-0.08573131	-0.108822905	0.26027864	0.24520344	-0.05151835	-0.18384224	0.16323675	0.16308601	0.03342621	-0.06087249	0.03713296	0.035557043	0.054183614	-0.0667674	-0.028638091	-0.06619346	0.049537055	-0.09614847	-0.06983431	-0.005104277	-0.049238767	0.037520397	-0.10061114	-0.05293997	0.15227813	-0.004222225	0.058184575	-0.016135348	-0.0054101823	-0.0493617	0.010787803	0.08010816	0.08610152	0.08010816	-0.0468139	-0.027234659	-0.033541195	-0.06149421	0.051967185	0.054094937	-0.036536746	-0.05743008	0.015357934	0.11572202	0.11572202	0.080699235	0.12124328	0.14860217	0.14860217	0.021969955	0.021209415	-0.08628495	0.020402398	-0.07444507	0.011842535	-0.059596103	0.044198487	-0.07068023	0.07353014	0.013311253	0.010081006	-0.0066433833	0.013311253	-0.1096672	-0.06436238	-0.033154644	-0.08778477	-0.046368722	0.020805625	0.086397864	-0.106481574	-0.031976182	0.053243615	0.036489263	-0.101394296	-0.04444586	-0.04275389	-0.04275389	-0.05166524
-0.0089513725	-0.06855604	-0.06694847	-0.019414553	-0.08087419	0.1046522	-0.20163217	-0.10858561	-0.1147483	-0.20702662	0.007170428	-0.0045333947	-0.13088089	-0.09396509	-0.14701399	0.4245274	0.38873264	-0.022497926	0.5746299	-0.11002661	-0.20663051	-0.15696654	0.5262618	-0.18907681	0.5196556	0.8343108	-0.107154354	0.9999997	0.40135416	0.11138356	0.098190695	0.17851463	-0.14913483	-0.054575883	-0.1315677	0.24459499	-0.18685186	-0.17821763	0.0816139	-0.0027935463	0.042368453	0.056789607	-0.27265427	0.008519723	-0.047589563	0.010453207	0.078126594	0.07489036	0.04265201	-0.15672065	0.14379126	0.116256125	0.19299367	0.15057798	0.02020186	0.01259428	-0.09141537	-0.14091496	0.016565679	-0.102131255	-0.06569015	0.05548159	0.06778924	0.05548159	0.08923675	-0.093318254	-0.091797926	0.10533182	0.077506736	0.11413051	0.12728062	-0.06487371	0.0017801294	0.02544143	0.02544143	-0.034788832	0.04833558	0.07492427	0.07492427	0.00023498296	-0.05313262	-0.03599718	-0.0487133	-0.024746725	-0.0685271	-0.09198724	-0.06316383	-0.09002347	-0.11658642	-0.14538856	-0.062882096	0.17940831	-0.14538856	0.02604747	-0.011223405	-0.00854404	0.033682145	0.03181749	0.05876771	-0.12592305	0.050424058	-1.2787295e-05	-0.03964929	-0.033750046	0.018307477	-0.017293783	-0.015280771	-0.015280771	-0.03836247
0.042195834	-0.08844414	-0.20472202	-0.13830678	-0.088834494	0.21740401	-0.33003515	-0.13016164	-0.03922523	0.06599169	0.26579264	0.065425426	-0.045093242	-0.04503251	-0.21364838	0.11854329	0.24955909	0.3659481	0.22204931	-0.16831256	-0.39468518	-0.30475172	0.19187966	0.46357986	0.3537236	0.50573003	-0.16323227	0.40135416	1.0000005	-0.12293135	0.39430135	0.02939802	-0.08227965	-0.0019637826	-0.06214536	0.051337134	-0.08782495	-0.021155432	-0.0044051977	-0.029553678	0.021622181	0.013242335	-0.19306783	-0.011338759	-0.06781427	-0.015023526	0.078010835	-0.01624199	-0.005396567	0.024363251	0.064068116	-0.019926354	0.03666615	0.06269215	-0.016834397	-0.011944909	-0.074459836	-0.030763838	0.054421976	-0.1389809	-0.07379396	0.029609388	0.03573214	0.029609388	0.044246666	-0.14554419	-0.14281937	0.05124797	0.04580855	0.05969815	0.06844529	-0.021890342	0.08133339	-0.023997493	-0.023997493	0.06408842	-0.008661412	0.01880282	0.01880282	0.03076182	0.061743483	0.0099013755	0.06744287	0.030570393	0.03998545	0.04645942	0.018209979	-0.024868818	-0.08216587	-0.06378131	-0.020133024	0.096078336	-0.06378131	0.0050089895	0.016584633	-0.016751619	-0.02260618	0.03922564	0.06788472	-0.053130567	0.006314088	-0.0032541053	-0.068275936	-0.056887075	-0.011078848	0.031062268	0.034977354	0.034977354	0.039371274
-0.104537316	-0.07812958	0.2974508	-0.04669716	-0.066820085	0.13516688	-0.1492645	-0.09641137	-0.101649754	-0.15205593	0.44741702	-0.070859	0.6358557	-0.10669247	0.49262238	0.31858632	-0.21456762	0.44830665	-0.14054942	0.7519697	-0.18726142	-0.08936342	0.41327983	0.42281353	0.5386337	-0.085442185	0.758498	0.11138356	-0.12293135	1.0000006	-0.108588696	0.00207968	0.21724409	0.25400057	-0.09945395	-0.109440774	0.11906108	0.1283299	0.13102767	-0.051034935	0.110041894	0.122960135	-0.02090987	-0.059486795	-0.03236138	-0.04859086	0.03604166	-0.04391842	-0.045264192	-0.01291385	-0.05120141	-0.0045290673	-0.0944629	-0.04107664	0.10292058	-0.037811242	0.042909373	0.0624675	0.1031403	-0.07348564	-0.03781638	-0.008699343	-0.006925204	-0.008699343	-0.08034788	-0.056148153	-0.06061234	-0.09738268	0.032744206	0.014730414	-0.066913076	-0.013678717	0.023124611	0.04351192	0.04351192	0.04002818	0.05283727	0.08264676	0.08264676	-0.016554033	-0.01761043	-0.072587274	-0.018729845	-0.06241996	-0.028016523	-0.0721233	0.027771968	-0.10532101	0.048149385	-0.028952878	-0.013095575	0.02199784	-0.028952878	-0.08909552	-0.063159786	-0.02839888	-0.06247442	-0.040168833	0.03104603	0.03582715	-0.0685218	0.0067549064	0.02846423	0.017561445	-0.03304502	-0.05700661	-0.0548205	-0.0548205	-0.09717476
