rs2294190	rs4653029	rs2075931	rs1883109	rs2038008	rs17385253	rs2142534	rs12098170	rs4653032	rs4653033	rs10799058	rs2075934	rs11578724	rs12134720	rs10489377	rs4653036	rs10799059	rs2075933	rs12035126	rs4653037	rs1016091	rs6425895	rs7544781	rs4653042	rs10799060	rs12409604	rs750882	rs798076	rs798075	rs10914956	rs11586990	rs10914958	rs41416648	rs798066	rs3856131	rs3905173	rs12047023	rs3845481	rs2359106	rs4652841	rs12027125	rs12566683	rs6694043	rs4652846	rs12038357	rs1539374	rs10493058	rs10914967	rs10737381	rs1418483	rs7539462	rs12136079	rs10799067	rs1342467	rs947671	rs6665029	rs6677231	rs6671294	rs7530276	rs12566354	rs10914983	rs12074036	rs12033008	rs12039962	rs1342476	rs6679913	rs6703587	rs10914986	rs728448	rs728447	rs10799073	rs12090691	rs1886340	rs4653061	rs4653062	rs10914991	rs12117895	rs1342475	rs2147384	rs7544557	rs6695510	rs716289	rs10753314	rs10799074	rs2359631	rs7547341	rs12059222	rs2093880	rs6425904	rs7548924	rs10914996	rs12132123	rs868501	rs612353	rs12036748	rs4652852	rs491000	rs506361	rs6425908	rs9787098	rs509788	rs12039039	rs12041637	rs9787040	rs10915010	rs4491030	rs10493062	rs912537	rs927656
1.0	0.256	-0.1441	-0.0995	0.2453	-0.0137	0.0413	-0.0558	-0.0475	0.0147	-0.1377	-0.0197	-0.1149	-0.0212	-0.0111	-0.0237	0.0384	-0.0209	-0.0128	-0.1284	0.0277	-0.0483	-0.1439	-0.0238	-0.1081	-0.0094	-0.1254	-0.009	0.0422	-0.1045	-0.0349	0.1387	-0.0104	-0.06	0.0007	-0.0113	-0.0362	-0.122	0.0168	0.1682	-0.0025	-0.0039	-0.161	0.1648	-0.0681	0.169	0.0278	-0.0463	-0.0079	0.0562	-0.0146	-0.1157	-0.0824	-0.0198	0.0668	0.0446	-0.0399	-0.0108	-0.0089	-0.002	0.0392	-0.0972	-0.1019	-0.0972	-0.0094	-0.003	-0.0019	0.0022	-0.0515	-0.0699	0.002	-0.015	0.0799	-0.0093	-0.0093	0.0251	0.0129	-0.0334	-0.0334	-0.0116	0.0369	0.0078	0.036	-0.0137	0.0548	0.0439	-0.0602	0.0633	-0.018	-0.003	0.0021	-0.0063	-0.003	-0.0118	0.0141	-0.0016	-0.0065	0.0129	-0.0262	-0.0321	0.0641	0.098	-0.0585	-0.008	0.126	0.0859	0.0881	0.0881	0.006
0.256	1.0	-0.1566	-0.1437	0.9629	-0.1023	-0.1593	0.0429	0.1202	0.0968	-0.1586	-0.0566	0.0235	0.1118	0.1093	0.1375	0.1755	-0.0366	0.0934	-0.0064	-0.1751	-0.266	-0.127	-0.0326	-0.0543	-0.0433	-0.0151	-0.0686	-0.0884	-0.0781	-0.0261	0.0829	0.077	0.0668	-0.1021	-0.1157	0.0939	-0.1257	-0.0248	0.12	-0.0261	-0.035	-0.069	0.1079	-0.0314	0.1112	-0.0069	0.0576	0.1134	-0.1386	-0.0169	0.0127	-0.0346	-0.0219	0.0463	0.0656	-0.0922	-0.1285	-0.0219	0.0465	0.0581	-0.0959	-0.0906	-0.0959	0.0377	0.0617	0.0625	0.0282	-0.0486	-0.0409	0.0259	-0.0002	0.0653	0.1043	0.1043	0.0357	0.1047	0.0758	0.0758	0.0705	0.1123	0.0298	0.1116	0.0557	0.1318	-0.0195	0.0192	0.0768	0.0033	0.0131	0.0703	0.1131	0.0131	0.0299	0.0307	0.0674	-0.0221	0.0951	0.0606	0.0048	-0.0553	0.004	-0.0367	-0.01	0.124	0.0803	0.0824	0.0824	0.0898
-0.1441	-0.1566	1.0	0.8443	-0.1628	-0.1292	-0.191	-0.0411	-0.0599	0.1386	0.3547	-0.0609	0.3034	-0.094	0.3204	0.0694	-0.1183	0.1298	-0.1656	0.3518	-0.1768	0.0049	0.3668	0.1083	0.1417	-0.1157	0.36	-0.0669	-0.2047	0.2975	-0.0691	-0.0188	0.2001	0.1597	-0.0243	-0.108	0.0811	-0.0004	0.1036	0.0407	0.0604	0.0751	0.0429	0.0323	-0.093	0.0283	-0.082	0.0758	-0.0386	0.0004	-0.0108	0.0997	0.0677	-0.0196	0.1616	0.1155	0.1356	-0.0717	0.0024	0.0638	0.1261	0.0369	0.0133	0.0369	0.0235	0.0413	0.0384	0.0079	-0.0432	-0.0432	0.0245	0.0596	0.0261	0.0787	0.0787	0.0072	0.0746	0.093	0.093	0.0438	0.0026	-0.0208	0.001	-0.0362	-0.0072	-0.032	-0.0156	0.0018	0.0693	0.0646	0.0092	-0.0948	0.0646	-0.0481	0.031	-0.0373	0.0082	-0.0606	-0.0628	0.0585	0.0002	-0.0543	0.019	-0.0309	-0.0875	-0.1255	-0.1266	-0.1266	-0.0969
-0.0995	-0.1437	0.8443	1.0	-0.159	-0.1368	-0.1374	-0.0017	-0.0083	0.2545	0.1859	-0.0317	-0.0795	-0.0701	0.0087	-0.0736	-0.0424	-0.0971	-0.0994	-0.089	-0.1179	0.1063	0.1941	-0.1251	-0.1194	-0.0716	-0.0857	-0.0194	-0.1383	-0.0467	-0.0382	0.0332	0.0789	0.0497	0.0017	-0.0048	0.0009	-0.1004	0.0833	0.0634	0.0297	0.0469	0.0228	0.0576	-0.0717	0.0527	-0.1303	0.1289	-0.0154	0.0016	0.0077	0.0578	0.1254	-0.0	0.0711	0.1237	0.095	-0.0466	-0.0012	0.0889	0.1232	0.0154	-0.0158	0.0154	0.0578	0.0494	0.0507	0.0475	-0.0658	-0.0616	0.0588	0.0972	0.018	0.0205	0.0205	-0.0378	0.008	0.0203	0.0203	0.0402	-0.0098	0.0348	-0.0111	0.0107	-0.0187	0.0028	-0.0377	0.0354	0.0053	0.0369	-0.0084	-0.0867	0.0369	-0.0073	0.0677	-0.0333	0.052	-0.0317	-0.0706	0.0119	0.0513	-0.0376	0.0077	-0.0342	-0.0219	-0.1071	-0.1092	-0.1092	-0.0804
0.2453	0.9629	-0.1628	-0.159	1.0	-0.1108	-0.1689	0.0265	0.1003	0.1152	-0.1553	-0.0611	0.0371	0.1615	0.1128	0.1219	0.1511	-0.0128	0.0714	0.0128	-0.1865	-0.286	-0.1326	-0.0168	-0.0467	-0.0462	0.0043	-0.0809	-0.0888	-0.0668	-0.0364	0.0601	0.0673	0.0952	-0.067	-0.0952	0.082	-0.0906	-0.0325	0.1045	-0.0277	-0.0365	-0.052	0.0924	-0.0408	0.0956	0.005	0.0373	0.0926	-0.0959	-0.0241	-0.0188	-0.0554	-0.0291	0.0432	0.0508	-0.1062	-0.0814	-0.0241	0.0301	0.0337	-0.0773	-0.0753	-0.0773	0.0292	0.0416	0.0425	0.019	-0.0739	-0.0295	0.0161	-0.0135	0.0632	0.1355	0.1355	0.0501	0.1377	0.1132	0.1132	0.0924	0.1235	0.0246	0.1228	0.0471	0.1399	-0.0265	0.0363	0.061	-0.0024	-0.0004	0.0837	0.1695	-0.0004	0.0498	0.0244	0.0956	-0.0264	0.0958	0.1093	-0.0045	-0.0644	-0.0061	-0.042	-0.0156	0.0998	0.0705	0.0727	0.0727	0.0903
-0.0137	-0.1023	-0.1292	-0.1368	-0.1108	1.0	-0.1183	-0.0548	-0.0265	-0.1577	0.3381	-0.012	-0.0143	-0.0739	-0.0692	-0.0097	0.0061	-0.0831	0.0523	-0.0402	-0.0872	0.1218	0.0696	0.1395	0.2361	0.1009	-0.0383	0.1047	0.2174	0.1352	0.073	0.1641	0.0228	0.0468	-0.1427	-0.0587	-0.0126	0.018	-0.0101	0.1325	0.0458	0.0334	-0.1028	0.1621	0.0794	0.1522	0.022	-0.1199	0.0226	0.1417	0.0962	-0.0652	-0.0288	0.1109	-0.0712	-0.0397	-0.0356	0.0887	0.075	-0.0171	0.0203	-0.0222	-0.0352	-0.0222	0.0137	-0.0497	-0.0487	0.058	-0.0035	0.01	0.062	-0.0706	-0.0029	0.0533	0.0533	0.0113	0.0548	0.0652	0.0652	-0.0195	-0.016	-0.0734	-0.0094	-0.0591	-0.0267	-0.0752	0.0082	-0.0821	-0.0241	-0.0613	-0.0238	0.0815	-0.0613	-0.0344	-0.03	-0.0057	-0.0373	0.0074	0.0937	-0.0436	0.0126	0.0226	-0.0641	-0.061	0.0717	0.0209	0.0226	0.0226	-0.0115
0.0413	-0.1593	-0.191	-0.1374	-0.1689	-0.1183	1.0	-0.1929	-0.2208	-0.441	-0.3591	-0.0761	-0.1454	-0.2692	-0.2083	-0.4427	-0.3765	-0.2921	-0.2731	-0.1256	0.8491	0.6293	-0.3304	-0.2517	-0.2701	-0.1936	-0.1204	-0.2016	-0.33	-0.1493	-0.1891	0.0286	-0.2268	-0.2201	0.0452	-0.0025	-0.0751	-0.0116	-0.1362	0.1094	-0.1078	-0.1099	0.09	0.0996	0.1003	0.1112	-0.0809	-0.0168	-0.026	0.0619	-0.0233	-0.042	-0.0147	-0.0348	-0.119	-0.0054	-0.0128	0.0241	-0.0613	0.1168	0.0222	-0.0986	-0.0844	-0.0986	0.0419	0.1693	0.167	0.0294	-0.1264	-0.1404	-0.0146	0.0784	-0.014	-0.0729	-0.0729	-0.0593	-0.0991	-0.0795	-0.0795	-0.0218	-0.0569	0.0587	-0.0625	0.0237	-0.055	0.0209	-0.0436	0.0324	-0.0546	-0.0017	-0.026	-0.0488	-0.0017	-0.0141	0.0755	-0.0319	0.0111	0.001	-0.0813	-0.0145	-0.006	0.0363	0.0079	-0.0024	0.0195	0.0114	0.0086	0.0086	-0.0025
-0.0558	0.0429	-0.0411	-0.0017	0.0265	-0.0548	-0.1929	1.0	0.8965	0.4506	-0.2243	0.3854	-0.0868	0.1503	-0.1202	-0.1205	-0.0772	-0.1428	-0.0106	-0.0773	-0.0363	-0.1292	-0.2331	-0.1377	-0.1555	-0.1294	-0.0849	-0.1086	-0.1302	-0.0964	0.0146	0.0959	-0.0609	-0.0215	0.0594	0.0114	0.0356	-0.0351	-0.0382	0.0586	-0.0283	-0.0296	0.0221	0.0944	-0.0663	0.0786	0.0866	0.0522	0.2545	-0.004	0.0272	0.0672	0.073	0.0353	-0.0245	0.0432	0.1615	-0.0102	-0.0588	0.0096	-0.0032	0.1019	0.0911	0.1019	0.0192	0.0483	0.0434	0.0519	0.0209	0.0558	0.0592	0.0652	-0.0041	0.0301	0.0301	0.0268	0.0237	0.0034	0.0034	0.0787	0.0446	0.0397	0.0385	0.0375	0.0489	0.036	0.1065	0.0268	0.074	0.0819	0.0909	-0.0074	0.0819	0.0807	-0.0026	0.0431	-0.0306	-0.0263	0.0705	0.0613	-0.0585	0.0086	0.1077	0.1627	-0.0021	-0.0469	-0.0501	-0.0501	-0.0043
-0.0475	0.1202	-0.0599	-0.0083	0.1003	-0.0265	-0.2208	0.8965	1.0	0.5085	-0.1172	0.3397	0.0914	0.1125	-0.1085	-0.0418	-0.0006	-0.0378	-0.0259	-0.0476	-0.0669	-0.1505	-0.2229	-0.0145	-0.1388	-0.1305	-0.0641	-0.1147	-0.0392	-0.1016	0.1753	0.1155	-0.0566	-0.0453	0.0626	0.0166	0.0159	-0.0346	-0.0657	0.0732	-0.0467	-0.0481	0.02	0.0951	-0.0129	0.0898	0.0518	0.0465	0.233	0.0021	0.0325	0.0697	0.0773	0.0387	-0.0699	0.0581	0.1188	-0.0113	-0.0671	-0.0027	-0.0259	0.1294	0.1255	0.1294	0.0419	0.0201	0.0159	0.0651	0.0314	0.066	0.0803	0.0768	0.0386	0.0391	0.0391	0.057	0.0294	0.0234	0.0234	0.1148	0.0893	0.0613	0.0835	0.0644	0.0905	0.073	0.1241	0.0484	0.0419	0.0718	0.1075	0.0453	0.0718	0.1088	0.0004	0.0388	0.0048	-0.0275	0.1066	-0.0067	-0.0377	-0.0057	0.0826	0.1342	0.0386	-0.04	-0.0426	-0.0426	0.0034
0.0147	0.0968	0.1386	0.2545	0.1152	-0.1577	-0.441	0.4506	0.5085	1.0	0.1249	0.177	0.0214	0.0215	-0.1975	0.0049	0.0765	0.0705	0.0935	-0.0739	-0.3161	-0.1734	0.0159	0.0803	-0.203	-0.1768	-0.0888	-0.207	0.066	-0.1521	0.1753	-0.015	0.1027	-0.056	0.1522	0.078	-0.0132	-0.0648	-0.0704	-0.0147	-0.0915	-0.094	0.0649	-0.0044	-0.0939	-0.0065	-0.0148	0.1225	0.0849	-0.0272	-0.0565	-0.0168	0.0351	-0.0489	-0.0247	0.004	0.012	-0.0259	-0.0736	-0.0125	-0.0223	0.1093	0.0798	0.1093	-0.0875	-0.0178	-0.0114	-0.0641	0.0987	0.0979	-0.043	0.0534	0.0114	-0.0473	-0.0473	0.0288	-0.0348	-0.0323	-0.0323	0.0313	0.0821	0.023	0.0833	0.0363	0.0839	0.1249	0.0649	0.0403	-0.0349	0.0006	-0.0059	-0.0319	0.0006	0.011	-0.0197	-0.0426	0.0429	-0.044	0.0398	0.0613	0.0049	-0.0502	0.0393	0.0592	-0.0577	-0.0818	-0.0807	-0.0807	-0.0033
-0.1377	-0.1586	0.3547	0.1859	-0.1553	0.3381	-0.3591	-0.2243	-0.1172	0.1249	1.0	-0.105	0.4856	-0.1469	0.1767	0.0222	-0.2523	0.4806	-0.2184	0.4172	-0.37	0.0593	0.5714	0.4929	0.2979	-0.079	0.4106	0.0072	0.2658	0.4474	0.0529	-0.018	0.2375	0.2337	-0.0626	-0.1279	0.0698	0.0802	0.1564	0.0276	0.1564	0.1574	-0.0596	0.0213	0.0377	0.0187	-0.0218	-0.09	-0.0768	0.1505	-0.0623	-0.0577	-0.101	-0.0411	0.0953	-0.067	0.0492	0.0483	0.0847	-0.0413	0.0163	0.0391	0.0204	0.0391	-0.0873	-0.109	-0.1021	-0.0945	0.0543	0.0298	-0.0441	-0.0025	0.0598	0.0088	0.0088	0.0686	0.0178	0.0527	0.0527	-0.0488	0.0186	-0.082	0.0238	-0.063	-0.0074	0.0063	-0.0035	-0.0671	-0.0446	-0.0676	-0.0704	0.0159	-0.0676	-0.1315	-0.0594	-0.071	-0.0219	-0.0387	0.0271	0.0545	-0.0278	-0.0143	-0.0198	-0.0624	-0.0453	-0.0258	-0.0215	-0.0215	-0.0393
-0.0197	-0.0566	-0.0609	-0.0317	-0.0611	-0.012	-0.0761	0.3854	0.3397	0.177	-0.105	1.0	-0.0608	0.1827	-0.0476	-0.0883	-0.0494	-0.1029	-0.0228	-0.0478	0.0592	0.0118	-0.086	-0.0639	-0.0739	-0.0353	-0.0466	-0.0045	0.0654	-0.0709	0.1926	-0.0132	-0.0646	-0.0289	0.0878	0.0562	-0.0395	-0.0198	-0.0069	-0.0713	-0.002	-0.0026	0.0284	-0.0129	-0.0322	-0.0123	-0.0621	0.02	0.149	-0.0501	0.1195	0.0719	-0.0022	0.1142	0.0151	-0.0118	0.041	-0.0503	-0.0079	0.0435	0.0569	-0.0283	-0.0209	-0.0283	0.0605	0.0898	0.0899	0.1073	-0.077	-0.0478	0.0942	-0.0139	0.0156	0.0229	0.0229	0.0743	0.0295	0.0074	0.0074	-0.0483	-0.0086	-0.081	-0.0199	-0.0918	-0.0114	0.0003	-0.0205	-0.0454	-0.0566	-0.0817	-0.0443	0.0419	-0.0817	-0.0166	0.0103	0.0285	-0.0781	-0.0007	0.0111	0.0088	-0.0319	0.0136	-0.0344	-0.0328	0.0354	0.0551	0.0561	0.0561	0.0482
-0.1149	0.0235	0.3034	-0.0795	0.0371	-0.0143	-0.1454	-0.0868	0.0914	0.0214	0.4856	-0.0608	1.0	-0.0805	0.5984	0.3199	-0.0916	0.5861	-0.1902	0.8706	-0.1749	-0.22	0.3324	0.587	0.4703	-0.1388	0.8534	-0.1309	-0.0451	0.6359	0.1274	-0.0824	0.2096	0.1968	-0.0175	-0.1255	0.1094	0.1194	0.0268	-0.0608	0.0418	0.0399	0.0352	-0.0681	-0.0029	-0.0673	0.0115	-0.0713	-0.0425	-0.0255	-0.0152	0.0794	-0.0715	-0.0206	0.1129	0.0011	0.0305	-0.0237	-0.0093	-0.0472	-0.0172	0.0946	0.1093	0.0946	-0.0286	-0.0506	-0.056	-0.0485	0.0589	0.0595	-0.0138	-0.0268	0.0529	0.1013	0.1013	0.1018	0.1095	0.14	0.14	0.0577	0.0622	-0.0509	0.0613	-0.0351	0.0513	-0.0293	0.0638	-0.0506	0.0364	0.0027	0.0194	0.0284	0.0027	-0.0637	-0.0532	-0.0409	-0.04	-0.0428	0.0251	0.0193	-0.0709	-0.0218	0.0527	0.0155	-0.0672	-0.0482	-0.0462	-0.0462	-0.0414
-0.0212	0.1118	-0.094	-0.0701	0.1615	-0.0739	-0.2692	0.1503	0.1125	0.0215	-0.1469	0.1827	-0.0805	1.0	-0.1051	-0.1804	-0.1575	-0.072	-0.1138	-0.0719	-0.2929	-0.3417	-0.1628	-0.1077	-0.1264	-0.096	-0.0692	-0.094	-0.045	-0.1067	0.0658	-0.0269	0.068	0.2265	-0.0216	-0.048	0.0539	0.0531	-0.0051	-0.1226	-0.0267	-0.0358	0.0868	-0.0995	0.0106	-0.099	0.1059	-0.1437	0.0654	0.1495	0.0635	-0.0981	-0.0997	0.0711	0.0231	-0.1098	0.1102	0.106	0.0183	0.0396	0.0485	0.0055	-0.0124	0.0055	0.0406	-0.0057	-0.0044	0.0428	-0.0209	0.0166	0.0375	-0.0146	0.0308	0.1471	0.1471	0.1305	0.1503	0.119	0.119	0.0446	0.0517	-0.0604	0.0455	-0.0456	0.078	-0.0324	0.0534	-0.0367	0.0156	-0.0426	0.0442	0.1541	-0.0426	0.0567	-0.0196	0.123	-0.0645	-0.0091	0.121	-0.0652	-0.0082	0.0032	-0.0277	-0.0417	0.0932	0.1332	0.1357	0.1357	0.1375
-0.0111	0.1093	0.3204	0.0087	0.1128	-0.0692	-0.2083	-0.1202	-0.1085	-0.1975	0.1767	-0.0476	0.5984	-0.1051	1.0	0.4673	0.166	0.3078	-0.2062	0.6859	-0.2432	-0.3356	0.1894	0.3154	0.3458	-0.1389	0.6826	-0.147	-0.2136	0.4926	-0.087	-0.0967	0.2054	0.2082	-0.0531	-0.1595	0.188	0.1877	0.0729	-0.0883	0.0867	0.0841	0.0714	-0.0876	-0.0778	-0.0958	0.0248	-0.1024	-0.0594	-0.0872	0.0202	0.0952	-0.0175	0.0128	0.1517	0.1176	0.0065	-0.0707	-0.026	-0.0804	0.0378	0.0644	0.1065	0.0644	-0.017	-0.0509	-0.0603	-0.0148	0.0057	0.0071	-0.0071	-0.0552	0.0135	0.1134	0.1134	0.0291	0.1192	0.095	0.095	0.0344	0.0234	-0.0444	0.0223	-0.0309	0.0166	-0.0821	0.0354	-0.0353	0.1489	0.0802	0.085	0.0009	0.0802	-0.02	-0.091	0.0504	-0.086	-0.0146	0.0052	0.0851	-0.0982	-0.0238	0.0296	0.0017	-0.0504	0.0024	-0.0002	-0.0002	0.0036
-0.0237	0.1375	0.0694	-0.0736	0.1219	-0.0097	-0.4427	-0.1205	-0.0418	0.0049	0.0222	-0.0883	0.3199	-0.1804	0.4673	1.0	0.801	0.2501	0.5999	0.2856	-0.5208	-0.6055	0.3076	0.1092	0.4583	0.4048	0.2745	0.4245	0.1185	0.3186	0.2206	0.0399	0.0808	0.0313	-0.0875	0.1041	-0.0225	-0.0386	0.0834	-0.1167	0.0533	0.0691	-0.1271	-0.1162	-0.1127	-0.1136	0.0437	0.0702	0.0226	-0.2749	0.074	0.1771	0.142	0.0683	0.0783	0.0344	-0.1367	-0.1185	0.0066	-0.1413	-0.0716	0.0939	0.1255	0.0939	0.0196	-0.1115	-0.1159	0.0498	0.1025	0.1173	0.0805	-0.0791	0.003	0.0862	0.0862	0.0135	0.1029	0.0992	0.0992	0.1415	0.0807	0.0747	0.0818	0.0868	0.0669	-0.0312	0.0829	-0.0167	0.0865	0.0596	0.1151	0.0929	0.0596	0.1111	-0.0511	0.0565	0.0595	0.0484	0.1039	-0.114	0.03	-0.0496	0.0583	0.0664	-0.0333	-0.0636	-0.0658	-0.0658	-0.0436
0.0384	0.1755	-0.1183	-0.0424	0.1511	0.0061	-0.3765	-0.0772	-0.0006	0.0765	-0.2523	-0.0494	-0.0916	-0.1575	0.166	0.801	1.0	-0.0773	0.7358	-0.1982	-0.4204	-0.5423	0.0336	-0.1215	0.1963	0.4901	-0.2073	0.3887	0.2496	-0.2146	0.2962	0.0397	-0.03	-0.1086	-0.0489	0.1689	-0.0739	-0.0831	-0.0087	-0.0968	-0.0167	-0.0087	-0.1058	-0.0907	-0.104	-0.0954	0.0273	0.0786	0.0452	-0.2574	0.1204	0.185	0.2131	0.1071	0.0149	0.0622	-0.1786	-0.1302	-0.0227	-0.1106	-0.0632	0.0792	0.1109	0.0792	0.0715	-0.0933	-0.0989	0.1048	0.0924	0.1182	0.1267	-0.0957	-0.0209	0.0579	0.0579	-0.0197	0.0751	0.0574	0.0574	0.1392	0.0761	0.0989	0.078	0.1009	0.0709	-0.0066	0.0566	0.024	0.0677	0.0724	0.1107	0.0711	0.0724	0.1661	-0.0146	0.0731	0.1007	0.0488	0.0855	-0.1415	0.0839	-0.0406	0.0533	0.0702	-0.0043	-0.0292	-0.033	-0.033	0.001
-0.0209	-0.0366	0.1298	-0.0971	-0.0128	-0.0831	-0.2921	-0.1428	-0.0378	0.0705	0.4806	-0.1029	0.5861	-0.072	0.3078	0.2501	-0.0773	1.0	-0.2262	0.5204	-0.3432	-0.3605	0.188	0.7993	0.2406	-0.1005	0.511	-0.0225	0.3659	0.4483	0.1938	-0.0402	0.0847	0.1805	0.0296	-0.0384	0.0018	0.0534	0.1583	-0.1089	0.1426	0.1512	-0.0882	-0.1204	-0.0364	-0.1192	-0.0193	-0.0076	-0.0869	-0.0435	-0.0819	-0.0388	-0.1177	-0.0773	0.072	-0.0643	0.0093	0.0266	0.0523	-0.1145	-0.062	0.0047	0.011	0.0047	-0.0766	-0.1061	-0.1085	-0.1058	0.001	-0.0134	-0.0702	0.0281	0.0926	0.0114	0.0114	0.1197	0.0232	0.0515	0.0515	0.0586	0.0894	0.0198	0.0879	0.0288	0.0625	0.0613	0.0607	-0.0123	-0.0007	0.0061	0.0156	0.0267	0.0061	-0.0739	-0.0286	-0.0247	-0.0593	0.028	0.05	0.0053	-0.0621	-0.0071	-0.0096	-0.0136	-0.1009	-0.0658	-0.0626	-0.0626	-0.0488
-0.0128	0.0934	-0.1656	-0.0994	0.0714	0.0523	-0.2731	-0.0106	-0.0259	0.0935	-0.2184	-0.0228	-0.1902	-0.1138	-0.2062	0.5999	0.7358	-0.2262	1.0	-0.1722	-0.299	-0.3871	0.2005	-0.2617	0.327	0.6395	-0.1768	0.5746	0.222	-0.1405	0.0523	0.0353	-0.0417	-0.136	-0.0443	0.2079	-0.1164	-0.1474	-0.002	-0.0489	-0.0343	-0.0231	-0.2026	-0.044	-0.0817	-0.0421	0.0893	0.0818	0.0913	-0.2073	0.0906	0.1301	0.2031	0.0804	0.0086	-0.0157	-0.1402	-0.0919	0.0046	-0.1009	-0.0876	0.058	0.0583	0.058	0.0771	-0.0917	-0.0947	0.1128	0.1182	0.1558	0.1421	-0.1369	-0.035	0.0642	0.0642	-0.0172	0.073	0.0771	0.0771	0.0998	0.0278	0.0594	0.0308	0.0403	0.0286	-0.0329	0.0125	-0.026	-0.0089	-0.0151	0.0137	0.0557	-0.0151	0.0981	0.0284	0.0158	0.1108	0.0311	0.0714	-0.1257	0.0912	-0.0557	0.0513	0.0995	-0.023	-0.037	-0.0388	-0.0388	-0.0229
-0.1284	-0.0064	0.3518	-0.089	0.0128	-0.0402	-0.1256	-0.0773	-0.0476	-0.0739	0.4172	-0.0478	0.8706	-0.0719	0.6859	0.2856	-0.1982	0.5204	-0.1722	1.0	-0.1376	-0.191	0.4145	0.5197	0.5686	-0.1218	0.9802	-0.11	-0.1683	0.752	-0.088	-0.1127	0.2434	0.2284	-0.0503	-0.1785	0.1602	0.1535	0.0314	-0.0632	0.0349	0.0334	0.0532	-0.0692	-0.0153	-0.0686	0.0495	-0.0975	-0.0635	-0.0162	-0.0507	0.0377	-0.0885	-0.0545	0.1416	-0.0061	0.0564	-0.0002	0.0111	-0.0543	0.0076	0.0688	0.0748	0.0688	-0.0483	-0.0318	-0.0381	-0.0632	0.0472	0.0487	-0.0381	-0.0598	0.0162	0.1235	0.1235	0.0766	0.1294	0.1576	0.1576	0.0233	0.0212	-0.0908	0.0203	-0.0786	0.0114	-0.065	0.0456	-0.0656	0.0632	0.0087	0.0109	0.0045	0.0087	-0.1042	-0.0657	-0.0372	-0.0821	-0.0481	0.0184	0.0801	-0.105	-0.0348	0.0278	0.0097	-0.0999	-0.0429	-0.0411	-0.0411	-0.0484
0.0277	-0.1751	-0.1768	-0.1179	-0.1865	-0.0872	0.8491	-0.0363	-0.0669	-0.3161	-0.37	0.0592	-0.1749	-0.2929	-0.2432	-0.5208	-0.4204	-0.3432	-0.299	-0.1376	1.0	0.7689	-0.3683	-0.3202	-0.2942	-0.2079	-0.1387	-0.2066	-0.3947	-0.1873	-0.1961	-0.0047	-0.2208	-0.2362	0.0738	0.0394	-0.0774	-0.0388	-0.139	0.0793	-0.1105	-0.1128	0.139	0.069	0.0989	0.0741	-0.1626	0.0233	-0.0515	0.0496	-0.0199	-0.0295	-0.0382	-0.0322	-0.116	-0.022	0.0019	0.0308	-0.0813	0.1337	0.0031	-0.0621	-0.0652	-0.0621	0.0559	0.1824	0.1803	0.029	-0.0897	-0.0993	-0.0169	0.0224	-0.0715	-0.0786	-0.0786	-0.0845	-0.1071	-0.0842	-0.0842	-0.1105	-0.1394	-0.0436	-0.1418	-0.076	-0.1351	-0.0285	-0.1133	0.0119	-0.0596	-0.0206	-0.0816	-0.1131	-0.0206	-0.0667	0.0619	-0.0656	0.0005	-0.0197	-0.1298	0.0326	-0.0072	0.0259	-0.0187	-0.0153	-0.0245	-0.0142	-0.0167	-0.0167	-0.047
-0.0483	-0.266	0.0049	0.1063	-0.286	0.1218	0.6293	-0.1292	-0.1505	-0.1734	0.0593	0.0118	-0.22	-0.3417	-0.3356	-0.6055	-0.5423	-0.3605	-0.3871	-0.191	0.7689	1.0	-0.0117	-0.3192	-0.2729	-0.2527	-0.1964	-0.157	-0.3048	-0.0894	-0.1798	-0.0112	-0.0808	-0.1521	0.0465	0.0107	-0.0451	-0.0101	-0.0809	0.0962	-0.0459	-0.0451	0.1452	0.0842	0.1694	0.085	-0.1703	0.0304	-0.1268	0.1443	-0.0747	-0.0634	-0.0719	-0.0621	-0.0917	-0.0525	0.033	0.0462	-0.0326	0.1367	0.0182	-0.0678	-0.0878	-0.0678	-0.031	0.1308	0.1335	-0.0577	-0.0363	-0.0808	-0.0751	0.0331	-0.0861	-0.1489	-0.1489	-0.1052	-0.175	-0.1471	-0.1471	-0.2212	-0.1773	-0.1058	-0.1742	-0.1099	-0.1746	-0.008	-0.1577	-0.0286	-0.1195	-0.0932	-0.1721	-0.1298	-0.0932	-0.1306	0.0332	-0.1202	0.025	-0.0545	-0.1362	0.0471	0.0227	0.0442	-0.0614	-0.0792	-0.0163	-0.0062	-0.0068	-0.0068	-0.0604
-0.1439	-0.127	0.3668	0.1941	-0.1326	0.0696	-0.3304	-0.2331	-0.2229	0.0159	0.5714	-0.086	0.3324	-0.1628	0.1894	0.3076	0.0336	0.188	0.2005	0.4145	-0.3683	-0.0117	1.0	0.0845	0.6105	0.4783	0.4221	0.5263	0.1919	0.4133	0.0061	0.0192	0.1839	0.1086	-0.089	0.0255	-0.0147	-0.0199	0.0607	0.0025	0.0227	0.0307	-0.083	-0.0076	0.0231	-0.0043	0.0946	-0.0063	-0.0785	-0.0385	0.0179	0.104	0.0671	0.0389	0.1561	0.0202	-0.0052	-0.1605	-0.0077	-0.0575	0.0293	0.1229	0.1188	0.1229	-0.0275	-0.0969	-0.0944	-0.014	0.1578	0.1573	0.0264	-0.0799	0.0141	0.0512	0.0512	0.036	0.0629	0.0944	0.0944	-0.0862	-0.0346	-0.1347	-0.0217	-0.0914	-0.0516	-0.0551	-0.0656	-0.097	-0.0913	-0.1364	-0.1143	0.0636	-0.1364	-0.1256	-0.069	-0.0877	-0.0116	-0.0504	0.0306	0.0081	0.0025	-0.0184	-0.0129	-0.0431	-0.0801	-0.028	-0.0242	-0.0242	-0.0515
-0.0238	-0.0326	0.1083	-0.1251	-0.0168	0.1395	-0.2517	-0.1377	-0.0145	0.0803	0.4929	-0.0639	0.587	-0.1077	0.3154	0.1092	-0.1215	0.7993	-0.2617	0.5197	-0.3202	-0.3192	0.0845	1.0	0.3322	-0.1728	0.5267	-0.1891	0.4636	0.4228	0.2219	-0.0878	0.0986	0.147	0.0091	-0.148	0.0478	0.1107	0.06	-0.0324	0.1009	0.0917	-0.0496	-0.0463	-0.0341	-0.0439	-0.0135	-0.0607	-0.0638	0.0449	-0.0972	-0.0421	-0.1407	-0.1043	0.0741	-0.0344	0.0086	0.1014	0.0908	-0.097	-0.0292	-0.0322	-0.0314	-0.0322	-0.0802	-0.0946	-0.0969	-0.0979	-0.0155	-0.0413	-0.0858	0.0394	0.0813	-0.003	-0.003	0.0814	0.009	0.031	0.031	0.0478	0.0776	0.0246	0.0761	0.0409	0.0576	0.0454	0.0957	0.0138	0.0366	0.0468	0.0499	0.0092	0.0468	-0.0557	-0.0168	-0.014	-0.0669	0.0011	0.0405	0.0295	-0.0683	-0.0028	0.0013	-0.0017	-0.0352	-0.049	-0.0456	-0.0456	-0.0453
-0.1081	-0.0543	0.1417	-0.1194	-0.0467	0.2361	-0.2701	-0.1555	-0.1388	-0.203	0.2979	-0.0739	0.4703	-0.1264	0.3458	0.4583	0.1963	0.2406	0.327	0.5686	-0.2942	-0.2729	0.6105	0.3322	1.0	0.6283	0.5753	0.5197	0.3537	0.5386	0.0069	-0.0152	0.0821	0.0799	-0.1371	0.0052	0.0004	0.029	-0.0271	-0.011	-0.0227	-0.0246	-0.119	-0.0084	-0.0657	-0.0137	0.139	-0.0494	-0.0486	-0.06	0.0509	0.1081	0.0347	0.0413	0.1476	0.0128	-0.0265	-0.0623	0.0472	-0.1152	-0.0276	0.0729	0.0856	0.0729	0.0364	-0.1116	-0.1142	0.0361	0.0995	0.1245	0.0558	-0.1293	-0.0222	0.1066	0.1066	-0.0199	0.1116	0.1532	0.1532	0.023	-0.0301	-0.0774	-0.0232	-0.0442	-0.0445	-0.1339	0.0442	-0.0956	0.0284	-0.0249	0.0172	0.1021	-0.0249	-0.0131	-0.0453	-0.0214	-0.0224	-0.0241	0.0537	-0.0365	-0.0367	-0.0185	-0.0081	-0.0139	-0.0277	-0.0322	-0.0292	-0.0292	-0.0683
-0.0094	-0.0433	-0.1157	-0.0716	-0.0462	0.1009	-0.1936	-0.1294	-0.1305	-0.1768	-0.079	-0.0353	-0.1388	-0.096	-0.1389	0.4048	0.4901	-0.1005	0.6395	-0.1218	-0.2079	-0.2527	0.4783	-0.1728	0.6283	1.0	-0.1189	0.8343	0.5057	-0.0854	0.1206	0.0858	-0.1508	-0.1512	-0.1034	0.2211	-0.1877	-0.1591	-0.0614	0.005	-0.0761	-0.0768	-0.215	0.0071	-0.0752	0.009	0.1338	0.0403	0.0306	-0.1498	0.1467	0.1416	0.1876	0.1377	0.064	0.0444	-0.1079	-0.1634	-0.0049	-0.0979	-0.028	0.0844	0.101	0.0844	0.1244	-0.0997	-0.0983	0.1411	0.0912	0.1427	0.1488	-0.125	-0.0231	0.071	0.071	-0.0475	0.0776	0.1045	0.1045	0.0274	-0.0367	-0.023	-0.026	-0.0018	-0.0497	-0.1007	-0.0221	-0.0568	-0.0411	-0.058	0.0039	0.1392	-0.058	0.06	-0.0036	0.0185	0.0322	0.0202	0.0466	-0.0929	0.0344	-0.0167	-0.0329	-0.0271	0.0009	-0.0085	-0.0066	-0.0066	-0.0203
-0.1254	-0.0151	0.36	-0.0857	0.0043	-0.0383	-0.1204	-0.0849	-0.0641	-0.0888	0.4106	-0.0466	0.8534	-0.0692	0.6826	0.2745	-0.2073	0.511	-0.1768	0.9802	-0.1387	-0.1964	0.4221	0.5267	0.5753	-0.1189	1.0	-0.1072	-0.1632	0.7585	-0.0857	-0.1088	0.2603	0.2452	-0.0515	-0.1838	0.1632	0.1631	0.0334	-0.0609	0.0371	0.0356	0.0542	-0.0668	-0.0286	-0.0662	0.0495	-0.0961	-0.0698	-0.0051	-0.0492	0.0375	-0.1006	-0.0529	0.1523	-0.0042	0.0582	-0.0161	-0.0054	-0.0494	0.0108	0.0801	0.0861	0.0801	-0.0468	-0.0272	-0.0335	-0.0615	0.052	0.0541	-0.0365	-0.0574	0.0154	0.1157	0.1157	0.0807	0.1212	0.1486	0.1486	0.022	0.0212	-0.0863	0.0204	-0.0744	0.0118	-0.0596	0.0442	-0.0707	0.0735	0.0133	0.0101	-0.0066	0.0133	-0.1097	-0.0644	-0.0332	-0.0878	-0.0464	0.0208	0.0864	-0.1065	-0.032	0.0532	0.0365	-0.1014	-0.0444	-0.0428	-0.0428	-0.0517
-0.009	-0.0686	-0.0669	-0.0194	-0.0809	0.1047	-0.2016	-0.1086	-0.1147	-0.207	0.0072	-0.0045	-0.1309	-0.094	-0.147	0.4245	0.3887	-0.0225	0.5746	-0.11	-0.2066	-0.157	0.5263	-0.1891	0.5197	0.8343	-0.1072	1.0	0.4014	0.1114	0.0982	0.1785	-0.1491	-0.0546	-0.1316	0.2446	-0.1869	-0.1782	0.0816	-0.0028	0.0424	0.0568	-0.2727	0.0085	-0.0476	0.0105	0.0781	0.0749	0.0427	-0.1567	0.1438	0.1163	0.193	0.1506	0.0202	0.0126	-0.0914	-0.1409	0.0166	-0.1021	-0.0657	0.0555	0.0678	0.0555	0.0892	-0.0933	-0.0918	0.1053	0.0775	0.1141	0.1273	-0.0649	0.0018	0.0254	0.0254	-0.0348	0.0483	0.0749	0.0749	0.0002	-0.0531	-0.036	-0.0487	-0.0247	-0.0685	-0.092	-0.0632	-0.09	-0.1166	-0.1454	-0.0629	0.1794	-0.1454	0.026	-0.0112	-0.0085	0.0337	0.0318	0.0588	-0.1259	0.0504	-0.0	-0.0396	-0.0338	0.0183	-0.0173	-0.0153	-0.0153	-0.0384
0.0422	-0.0884	-0.2047	-0.1383	-0.0888	0.2174	-0.33	-0.1302	-0.0392	0.066	0.2658	0.0654	-0.0451	-0.045	-0.2136	0.1185	0.2496	0.3659	0.222	-0.1683	-0.3947	-0.3048	0.1919	0.4636	0.3537	0.5057	-0.1632	0.4014	1.0	-0.1229	0.3943	0.0294	-0.0823	-0.002	-0.0621	0.0513	-0.0878	-0.0212	-0.0044	-0.0296	0.0216	0.0132	-0.1931	-0.0113	-0.0678	-0.015	0.078	-0.0162	-0.0054	0.0244	0.0641	-0.0199	0.0367	0.0627	-0.0168	-0.0119	-0.0745	-0.0308	0.0544	-0.139	-0.0738	0.0296	0.0357	0.0296	0.0442	-0.1455	-0.1428	0.0512	0.0458	0.0597	0.0684	-0.0219	0.0813	-0.024	-0.024	0.0641	-0.0087	0.0188	0.0188	0.0308	0.0617	0.0099	0.0674	0.0306	0.04	0.0465	0.0182	-0.0249	-0.0822	-0.0638	-0.0201	0.0961	-0.0638	0.005	0.0166	-0.0168	-0.0226	0.0392	0.0679	-0.0531	0.0063	-0.0033	-0.0683	-0.0569	-0.0111	0.0311	0.035	0.035	0.0394
-0.1045	-0.0781	0.2975	-0.0467	-0.0668	0.1352	-0.1493	-0.0964	-0.1016	-0.1521	0.4474	-0.0709	0.6359	-0.1067	0.4926	0.3186	-0.2146	0.4483	-0.1405	0.752	-0.1873	-0.0894	0.4133	0.4228	0.5386	-0.0854	0.7585	0.1114	-0.1229	1.0	-0.1086	0.0021	0.2172	0.254	-0.0995	-0.1094	0.1191	0.1283	0.131	-0.051	0.11	0.123	-0.0209	-0.0595	-0.0324	-0.0486	0.036	-0.0439	-0.0453	-0.0129	-0.0512	-0.0045	-0.0945	-0.0411	0.1029	-0.0378	0.0429	0.0625	0.1031	-0.0735	-0.0378	-0.0087	-0.0069	-0.0087	-0.0803	-0.0561	-0.0606	-0.0974	0.0327	0.0147	-0.0669	-0.0137	0.0231	0.0435	0.0435	0.04	0.0528	0.0826	0.0826	-0.0166	-0.0176	-0.0726	-0.0187	-0.0624	-0.028	-0.0721	0.0278	-0.1053	0.0481	-0.029	-0.0131	0.022	-0.029	-0.0891	-0.0632	-0.0284	-0.0625	-0.0402	0.031	0.0358	-0.0685	0.0068	0.0285	0.0176	-0.033	-0.057	-0.0548	-0.0548	-0.0972
-0.0349	-0.0261	-0.0691	-0.0382	-0.0364	0.073	-0.1891	0.0146	0.1753	0.1753	0.0529	0.1926	0.1274	0.0658	-0.087	0.2206	0.2962	0.1938	0.0523	-0.088	-0.1961	-0.1798	0.0061	0.2219	0.0069	0.1206	-0.0857	0.0982	0.3943	-0.1086	1.0	0.1272	-0.0324	-0.0143	-0.0047	0.0641	-0.133	-0.142	-0.1065	-0.0933	-0.0419	-0.0527	0.0274	-0.0598	-0.0278	-0.0593	-0.0893	0.0448	0.0763	-0.0974	0.246	0.0878	0.0906	0.2356	-0.0585	-0.0334	-0.0552	-0.0261	0.0112	0.0124	-0.0315	0.0648	0.0695	0.0648	0.1147	0.0017	0.0103	0.1251	-0.0235	0.0061	0.1236	0.0142	0.0217	0.0751	0.0751	0.0723	0.078	0.1009	0.1009	0.0816	0.0454	-0.0126	0.0447	0.0141	0.0261	-0.0016	0.0594	0.0159	-0.0712	-0.0343	0.0212	0.0937	-0.0343	0.0604	0.0202	-0.0025	0.0561	0.0808	0.0736	-0.0973	0.0527	-0.0226	-0.0116	-0.0334	0.0214	-0.0136	-0.012	-0.012	0.0165
0.1387	0.0829	-0.0188	0.0332	0.0601	0.1641	0.0286	0.0959	0.1155	-0.015	-0.018	-0.0132	-0.0824	-0.0269	-0.0967	0.0399	0.0397	-0.0402	0.0353	-0.1127	-0.0047	-0.0112	0.0192	-0.0878	-0.0152	0.0858	-0.1088	0.1785	0.0294	0.0021	0.1272	1.0	-0.251	-0.1116	-0.2507	0.0038	-0.2025	-0.2427	0.0046	0.5381	-0.043	-0.0318	-0.3191	0.5327	-0.1111	0.5351	0.0096	-0.0613	0.2788	-0.0415	0.3593	-0.0085	0.2132	0.3676	-0.1081	0.0569	-0.0021	-0.0963	-0.1648	-0.0338	0.0208	0.0994	0.1053	0.0994	0.2096	0.0371	0.0335	0.2314	-0.0304	0.0593	0.288	0.0229	0.1213	0.0997	0.0997	0.0655	0.1232	0.1451	0.1451	0.0777	0.0267	-0.002	0.0297	-0.0371	0.0255	-0.095	-0.0149	-0.1013	-0.0748	-0.1215	-0.0113	0.1928	-0.1215	0.0152	0.0741	0.0655	-0.064	0.1481	0.0825	-0.0653	-0.0325	0.0072	-0.0207	-0.0277	0.0824	0.03	0.0285	0.0285	0.0745
-0.0104	0.077	0.2001	0.0789	0.0673	0.0228	-0.2268	-0.0609	-0.0566	0.1027	0.2375	-0.0646	0.2096	0.068	0.2054	0.0808	-0.03	0.0847	-0.0417	0.2434	-0.2208	-0.0808	0.1839	0.0986	0.0821	-0.1508	0.2603	-0.1491	-0.0823	0.2172	-0.0324	-0.251	1.0	0.5303	-0.2455	-0.4229	0.5834	0.3884	0.0134	-0.1281	0.0166	0.0239	0.1613	-0.1373	0.1055	-0.1353	0.1223	-0.2183	-0.1294	0.1326	-0.0949	-0.0908	-0.1813	-0.084	0.1594	-0.0449	0.0416	0.1189	0.1931	-0.0692	-0.0576	0.0478	0.0139	0.0478	-0.0755	-0.0836	-0.0808	-0.0863	0.1368	0.1107	-0.0768	-0.1033	0.0409	0.117	0.117	0.1562	0.1141	0.1007	0.1007	-0.0114	0.0776	-0.1141	0.0792	-0.1129	0.065	0.0236	0.0043	-0.003	0.0716	0.0431	-0.0174	-0.1218	0.0431	-0.0919	-0.0261	-0.0231	-0.005	-0.0438	0.0111	0.0447	0.0542	0.0726	-0.0011	-0.0129	-0.0323	0.0596	0.0605	0.0605	-0.0003
-0.06	0.0668	0.1597	0.0497	0.0952	0.0468	-0.2201	-0.0215	-0.0453	-0.056	0.2337	-0.0289	0.1968	0.2265	0.2082	0.0313	-0.1086	0.1805	-0.136	0.2284	-0.2362	-0.1521	0.1086	0.147	0.0799	-0.1512	0.2452	-0.0546	-0.002	0.254	-0.0143	-0.1116	0.5303	1.0	-0.334	-0.4977	0.5401	0.4156	0.239	-0.2118	0.2278	0.231	0.0544	-0.1967	-0.0006	-0.2002	-0.0261	-0.2058	-0.0653	0.2542	0.1272	-0.209	-0.1687	0.1352	0.0633	-0.0842	0.098	0.2322	0.2867	-0.0846	-0.0424	-0.086	-0.0983	-0.086	0.002	-0.0816	-0.078	-0.0093	-0.0628	-0.0384	-0.0037	0.0388	0.1102	0.1232	0.1232	0.1616	0.1309	0.1006	0.1006	0.042	0.1052	-0.0603	0.1088	-0.0483	0.0951	0.0298	0.0418	-0.0161	0.0003	-0.0173	0.0025	0.0492	-0.0173	-0.0707	-0.0494	-0.0084	-0.0114	0.0547	0.0296	-0.0138	0.0093	0.0757	-0.0228	-0.0391	-0.0265	0.0553	0.0581	0.0581	0.0012
0.0007	-0.1021	-0.0243	0.0017	-0.067	-0.1427	0.0452	0.0594	0.0626	0.1522	-0.0626	0.0878	-0.0175	-0.0216	-0.0531	-0.0875	-0.0489	0.0296	-0.0443	-0.0503	0.0738	0.0465	-0.089	0.0091	-0.1371	-0.1034	-0.0515	-0.1316	-0.0621	-0.0995	-0.0047	-0.2507	-0.2455	-0.334	1.0	0.5534	-0.5244	-0.3154	0.1449	-0.1844	0.1467	0.1466	0.1165	-0.1714	-0.0839	-0.1693	-0.1563	0.1299	-0.108	-0.0505	-0.1124	0.177	-0.0782	-0.1242	0.0111	0.0454	0.1394	-0.0915	-0.1379	0.2063	0.1098	-0.0905	-0.0452	-0.0905	-0.0825	0.1378	0.1363	-0.0844	-0.0822	-0.1113	-0.128	-0.0559	0.0046	-0.0262	-0.0262	-0.0256	-0.0483	-0.0555	-0.0555	-0.0744	-0.0687	-0.0336	-0.0713	-0.0346	-0.0893	-0.0474	-0.0554	-0.0681	0.0234	-0.0179	-0.0573	-0.0985	-0.0179	-0.037	0.0237	0.0037	-0.0903	-0.0454	0.0098	0.1112	-0.0433	-0.0637	0.0677	0.0645	-0.0542	-0.0528	-0.0511	-0.0511	-0.0081
-0.0113	-0.1157	-0.108	-0.0048	-0.0952	-0.0587	-0.0025	0.0114	0.0166	0.078	-0.1279	0.0562	-0.1255	-0.048	-0.1595	0.1041	0.1689	-0.0384	0.2079	-0.1785	0.0394	0.0107	0.0255	-0.148	0.0052	0.2211	-0.1838	0.2446	0.0513	-0.1094	0.0641	0.0038	-0.4229	-0.4977	0.5534	1.0	-0.6637	-0.458	-0.0518	-0.231	-0.0742	-0.0638	-0.0692	-0.2286	-0.1272	-0.2262	0.0422	0.1966	0.0612	-0.2874	0.1894	0.3061	0.1836	0.1857	-0.0021	-0.0343	-0.0693	-0.2452	-0.2626	0.0779	-0.0548	0.0773	0.1203	0.0773	0.0975	0.0527	0.0522	0.1007	0.0254	0.0645	0.0883	-0.069	-0.053	-0.0225	-0.0225	-0.0766	-0.03	-0.0303	-0.0303	-0.0367	-0.0905	-0.0003	-0.0938	1e-04	-0.1	-0.0709	-0.0786	-0.0922	-0.0222	-0.0797	-0.0794	-0.0267	-0.0797	0.014	0.024	0.0028	-0.0411	0.0501	0.0328	-0.0041	0.0127	-0.0449	0.0376	0.0511	-0.0174	-0.07	-0.067	-0.067	-0.0438
-0.0362	0.0939	0.0811	0.0009	0.082	-0.0126	-0.0751	0.0356	0.0159	-0.0132	0.0698	-0.0395	0.1094	0.0539	0.188	-0.0225	-0.0739	0.0018	-0.1164	0.1602	-0.0774	-0.0451	-0.0147	0.0478	0.0004	-0.1877	0.1632	-0.1869	-0.0878	0.1191	-0.133	-0.2025	0.5834	0.5401	-0.5244	-0.6637	1.0	0.7384	-0.1143	-0.0783	-0.1405	-0.1375	0.2767	-0.0956	0.2706	-0.093	0.2248	-0.2675	-0.0803	0.2512	-0.1543	-0.1736	-0.0838	-0.1437	0.0432	0.061	0.0352	0.1741	0.1485	-0.1107	-0.0503	0.0628	0.0249	0.0628	-0.0871	-0.1031	-0.104	-0.0992	0.1281	0.1005	-0.1009	0.0909	0.0521	0.0169	0.0169	0.0667	0.0098	-0.0085	-0.0085	0.0257	0.0875	0.0143	0.0921	0.0184	0.0993	0.0974	0.054	0.0873	0.0449	0.0911	0.0442	-0.0544	0.0911	-0.0379	-0.0497	-0.0736	0.0612	-0.0778	-0.0224	0.041	0.0089	0.0643	-0.0155	-0.0256	-0.043	0.0244	0.022	0.022	0.0009
-0.122	-0.1257	-0.0004	-0.1004	-0.0906	0.018	-0.0116	-0.0351	-0.0346	-0.0648	0.0802	-0.0198	0.1194	0.0531	0.1877	-0.0386	-0.0831	0.0534	-0.1474	0.1535	-0.0388	-0.0101	-0.0199	0.1107	0.029	-0.1591	0.1631	-0.1782	-0.0212	0.1283	-0.142	-0.2427	0.3884	0.4156	-0.3154	-0.458	0.7384	1.0	-0.2472	-0.1526	-0.2663	-0.2669	0.3811	-0.1659	0.3072	-0.1648	0.3616	-0.461	-0.1419	0.3465	-0.1018	-0.1395	-0.1185	-0.0908	-0.0098	-0.0279	0.0417	0.1898	0.1183	-0.1861	-0.1086	0.0473	0.1043	0.0473	-0.0847	-0.1784	-0.1793	-0.1113	0.1326	0.1337	-0.0992	0.0641	0.0369	-0.0216	-0.0216	0.0258	-0.0336	-0.0082	-0.0082	0.0033	0.0547	-0.0062	0.0596	0.0208	0.0726	0.0786	0.0984	0.0066	0.0581	0.0745	0.0635	0.0116	0.0745	-0.0056	-0.0316	-0.0148	0.0453	-0.0717	0.0052	-0.0444	-0.0033	0.0374	0.0057	-0.0058	-0.0558	0.0194	0.0164	0.0164	0.002
0.0168	-0.0248	0.1036	0.0833	-0.0325	-0.0101	-0.1362	-0.0382	-0.0657	-0.0704	0.1564	-0.0069	0.0268	-0.0051	0.0729	0.0834	-0.0087	0.1583	-0.002	0.0314	-0.139	-0.0809	0.0607	0.06	-0.0271	-0.0614	0.0334	0.0816	-0.0044	0.131	-0.1065	0.0046	0.0134	0.239	0.1449	-0.0518	-0.1143	-0.2472	1.0	-0.1401	0.8944	0.9071	-0.4264	-0.137	-0.0661	-0.1369	-0.3591	0.1819	-0.1083	-0.0565	-0.0432	0.0397	-0.0122	-0.0341	0.0784	-0.0616	0.0447	0.0595	0.1322	0.0276	0.0837	-0.1247	-0.1236	-0.1247	-0.086	0.0304	0.0315	-0.0606	-0.0826	-0.1119	-0.0616	-0.0383	0.0432	-0.0304	-0.0304	0.0832	-0.0218	-0.0883	-0.0883	-0.0549	-0.0037	0.0144	-0.0048	-0.0315	-0.0167	0.006	-0.1102	-0.0205	-0.0458	-0.0973	-0.1176	-0.0419	-0.0973	-0.0797	-0.0289	-0.015	-0.0408	-0.0139	-0.0211	0.0344	0.0072	0.0153	-0.0184	-0.0504	0.0088	0.0465	0.049	0.049	0.0472
0.1682	0.12	0.0407	0.0634	0.1045	0.1325	0.1094	0.0586	0.0732	-0.0147	0.0276	-0.0713	-0.0608	-0.1226	-0.0883	-0.1167	-0.0968	-0.1089	-0.0489	-0.0632	0.0793	0.0962	0.0025	-0.0324	-0.011	0.005	-0.0609	-0.0028	-0.0296	-0.051	-0.0933	0.5381	-0.1281	-0.2118	-0.1844	-0.231	-0.0783	-0.1526	-0.1401	1.0	-0.1406	-0.1407	-0.3657	0.9728	-0.1086	0.9776	0.0663	-0.0063	0.2549	0.0618	-0.0551	0.0103	0.1105	-0.0588	-0.0016	0.2718	-0.0385	-0.0328	-0.1629	-0.0314	0.0351	0.1319	0.1269	0.1319	0.0048	0.0081	0.0021	0.019	0.0903	0.0939	0.0363	0.0557	0.0636	0.0433	0.0433	-0.0032	0.0482	0.0725	0.0725	0.0901	0.0424	0.0551	0.0416	0.0209	0.0184	-0.0261	0.0858	0.0208	0.02	0.0448	0.0918	0.1116	0.0448	0.0736	0.1421	0.1247	-0.071	0.0609	0.0431	0.0039	-0.0608	0.0308	-0.0505	-0.0458	0.1469	0.0582	0.0601	0.0601	0.0801
-0.0025	-0.0261	0.0604	0.0297	-0.0277	0.0458	-0.1078	-0.0283	-0.0467	-0.0915	0.1564	-0.002	0.0418	-0.0267	0.0867	0.0533	-0.0167	0.1426	-0.0343	0.0349	-0.1105	-0.0459	0.0227	0.1009	-0.0227	-0.0761	0.0371	0.0424	0.0216	0.11	-0.0419	-0.043	0.0166	0.2278	0.1467	-0.0742	-0.1405	-0.2663	0.8944	-0.1406	1.0	0.9894	-0.472	-0.13	-0.0832	-0.1386	-0.4115	0.1755	-0.1253	-0.0408	-0.0562	0.0367	-0.06	-0.048	0.1115	-0.0849	0.0255	0.0908	0.169	0.0309	0.0701	-0.1622	-0.1558	-0.1622	-0.0972	0.0295	0.0308	-0.0746	-0.1083	-0.1454	-0.0769	-0.0449	0.0261	-0.0096	-0.0096	0.0739	0.0012	-0.0576	-0.0576	-0.0265	0.0079	0.0293	0.0067	-0.0127	-0.0096	-0.0066	-0.0765	0.015	-0.0455	-0.0597	-0.0884	-0.0439	-0.0597	-0.0517	-0.0385	-0.0196	0.0103	-0.0202	-0.0272	0.0342	0.0145	0.0155	-0.0112	-0.0404	-0.0146	0.0363	0.039	0.039	0.0363
-0.0039	-0.035	0.0751	0.0469	-0.0365	0.0334	-0.1099	-0.0296	-0.0481	-0.094	0.1574	-0.0026	0.0399	-0.0358	0.0841	0.0691	-0.0087	0.1512	-0.0231	0.0334	-0.1128	-0.0451	0.0307	0.0917	-0.0246	-0.0768	0.0356	0.0568	0.0132	0.123	-0.0527	-0.0318	0.0239	0.231	0.1466	-0.0638	-0.1375	-0.2669	0.9071	-0.1407	0.9894	1.0	-0.4737	-0.1302	-0.0835	-0.1387	-0.4082	0.1782	-0.1261	-0.0433	-0.0564	0.041	-0.0501	-0.0483	0.1088	-0.0855	0.0308	0.0868	0.1594	0.0377	0.0671	-0.1596	-0.1536	-0.1596	-0.0971	0.037	0.0383	-0.0748	-0.1063	-0.1436	-0.0771	-0.0458	0.0264	-0.0113	-0.0113	0.0748	-0.0006	-0.0588	-0.0588	-0.0254	0.0076	0.0315	0.0064	-0.0152	-0.0099	-0.005	-0.0843	0.0128	-0.053	-0.0673	-0.0963	-0.0447	-0.0673	-0.0511	-0.0387	-0.0274	0.0215	-0.021	-0.0288	0.0287	0.0161	0.0065	-0.0118	-0.0407	-0.0277	0.0224	0.025	0.025	0.0278
-0.161	-0.069	0.0429	0.0228	-0.052	-0.1028	0.09	0.0221	0.02	0.0649	-0.0596	0.0284	0.0352	0.0868	0.0714	-0.1271	-0.1058	-0.0882	-0.2026	0.0532	0.139	0.1452	-0.083	-0.0496	-0.119	-0.215	0.0542	-0.2727	-0.1931	-0.0209	0.0274	-0.3191	0.1613	0.0544	0.1165	-0.0692	0.2767	0.3811	-0.4264	-0.3657	-0.472	-0.4737	1.0	-0.3791	0.2094	-0.3774	-0.0725	-0.0928	-0.2093	0.2172	-0.1818	-0.1026	-0.1459	-0.1816	-0.0956	0.016	0.0926	0.0653	-0.0038	0.095	0.0104	0.033	0.0377	0.033	-0.0554	0.038	0.035	-0.0851	0.0049	-0.0197	-0.1088	0.0902	-0.035	-0.0196	-0.0196	-0.039	-0.0473	-0.0268	-0.0268	-0.086	-0.0733	-0.0907	-0.071	-0.0504	-0.0457	0.0039	0.0136	0.0037	0.1092	0.1029	0.0395	-0.1158	0.1029	-0.0203	-0.0186	-0.031	0.0279	-0.0779	-0.0279	0.0764	-0.0363	-0.0817	0.0624	0.0712	-0.1024	-0.1132	-0.1188	-0.1188	-0.088
0.1648	0.1079	0.0323	0.0576	0.0924	0.1621	0.0996	0.0944	0.0951	-0.0044	0.0213	-0.0129	-0.0681	-0.0995	-0.0876	-0.1162	-0.0907	-0.1204	-0.044	-0.0692	0.069	0.0842	-0.0076	-0.0463	-0.0084	0.0071	-0.0668	0.0085	-0.0113	-0.0595	-0.0598	0.5327	-0.1373	-0.1967	-0.1714	-0.2286	-0.0956	-0.1659	-0.137	0.9728	-0.13	-0.1302	-0.3791	1.0	-0.1118	0.9836	0.0737	-0.0029	0.2696	0.0551	-0.0231	0.0154	0.1222	-0.0277	-0.0038	0.2664	-0.0386	-0.0454	-0.1709	-0.0188	0.041	0.1288	0.1222	0.1288	-0.0002	0.0154	0.0097	0.0467	0.0759	0.0884	0.061	0.0455	0.0647	0.0644	0.0644	0.0129	0.0703	0.0871	0.0871	0.1043	0.0578	0.0491	0.057	0.018	0.0328	-0.0163	0.0994	0.0225	0.0113	0.0396	0.098	0.124	0.0396	0.0889	0.1343	0.1363	-0.0646	0.0672	0.0651	-0.0047	-0.0545	0.0273	-0.0528	-0.0482	0.1405	0.0652	0.0672	0.0672	0.0876
-0.0681	-0.0314	-0.093	-0.0717	-0.0408	0.0794	0.1003	-0.0663	-0.0129	-0.0939	0.0377	-0.0322	-0.0029	0.0106	-0.0778	-0.1127	-0.104	-0.0364	-0.0817	-0.0153	0.0989	0.1694	0.0231	-0.0341	-0.0657	-0.0752	-0.0286	-0.0476	-0.0678	-0.0324	-0.0278	-0.1111	0.1055	-0.0006	-0.0839	-0.1272	0.2706	0.3072	-0.0661	-0.1086	-0.0832	-0.0835	0.2094	-0.1118	1.0	-0.1121	0.2057	-0.2239	-0.1222	0.0514	-0.0294	0.0668	0.1233	-0.0114	-0.1221	-0.0856	-0.0675	0.0596	-0.0805	0.0004	-0.1057	0.1591	0.1441	0.1591	0.043	-0.0845	-0.0833	0.0438	0.2097	0.2149	0.0298	-0.06	-0.067	-0.0171	-0.0171	0.0149	-0.0505	-0.0471	-0.0471	-0.0767	-0.0368	-0.0518	-0.0302	-0.0476	-0.0163	0.0299	-0.0692	-0.0078	-0.0824	-0.0637	-0.106	-0.0685	-0.0637	-0.0846	0.0588	-0.0654	-0.0117	0.0497	0.0538	0.0252	-0.0007	-0.0512	0.0254	0.0322	-0.0337	-0.0212	-0.0197	-0.0197	-0.007
0.169	0.1112	0.0283	0.0527	0.0956	0.1522	0.1112	0.0786	0.0898	-0.0065	0.0187	-0.0123	-0.0673	-0.099	-0.0958	-0.1136	-0.0954	-0.1192	-0.0421	-0.0686	0.0741	0.085	-0.0043	-0.0439	-0.0137	0.009	-0.0662	0.0105	-0.015	-0.0486	-0.0593	0.5351	-0.1353	-0.2002	-0.1693	-0.2262	-0.093	-0.1648	-0.1369	0.9776	-0.1386	-0.1387	-0.3774	0.9836	-0.1121	1.0	0.0694	-0.0024	0.2674	0.053	-0.0224	0.0157	0.1195	-0.0271	-0.0104	0.2607	-0.0462	-0.0359	-0.1632	-0.0215	0.03	0.1293	0.123	0.1293	0.0008	0.0196	0.0137	0.0484	0.0758	0.089	0.0631	0.0591	0.0711	0.0591	0.0591	0.0111	0.0648	0.0813	0.0813	0.1107	0.0589	0.06	0.0581	0.0285	0.0338	-0.0183	0.1057	0.0176	0.0214	0.0445	0.1045	0.1274	0.0445	0.0959	0.137	0.1418	-0.0715	0.0694	0.0684	-0.0042	-0.0575	0.03	-0.0528	-0.0481	0.1593	0.0644	0.0664	0.0664	0.0855
0.0278	-0.0069	-0.082	-0.1303	0.005	0.022	-0.0809	0.0866	0.0518	-0.0148	-0.0218	-0.0621	0.0115	0.1059	0.0248	0.0437	0.0273	-0.0193	0.0893	0.0495	-0.1626	-0.1703	0.0946	-0.0135	0.139	0.1338	0.0495	0.0781	0.078	0.036	-0.0893	0.0096	0.1223	-0.0261	-0.1563	0.0422	0.2248	0.3616	-0.3591	0.0663	-0.4115	-0.4082	-0.0725	0.0737	0.2057	0.0694	1.0	-0.5822	0.2045	0.1739	0.1445	-0.0772	0.0874	0.1488	-0.0695	-0.1096	0.0669	-0.0522	-0.1115	-0.2218	-0.0828	0.1724	0.2297	0.1724	0.045	-0.2366	-0.2389	0.0442	0.2233	0.2666	0.063	-0.0612	-0.0458	0.0042	0.0042	-0.0272	0.0171	0.0385	0.0385	0.0616	0.0391	0.0298	0.0421	0.0609	0.0523	-0.0132	0.0493	-0.0677	0.0075	-0.0225	0.0047	0.0553	-0.0225	0.0207	0.006	0.0026	-0.0453	0.037	0.0389	-0.0697	0.0115	0.0832	0.0525	0.0569	0.0667	0.1319	0.1293	0.1293	0.1183
-0.0463	0.0576	0.0758	0.1289	0.0373	-0.1199	-0.0168	0.0522	0.0465	0.1225	-0.09	0.02	-0.0713	-0.1437	-0.1024	0.0702	0.0786	-0.0076	0.0818	-0.0975	0.0233	0.0304	-0.0063	-0.0607	-0.0494	0.0403	-0.0961	0.0749	-0.0162	-0.0439	0.0448	-0.0613	-0.2183	-0.2058	0.1299	0.1966	-0.2675	-0.461	0.1819	-0.0063	0.1755	0.1782	-0.0928	-0.0029	-0.2239	-0.0024	-0.5822	1.0	0.1024	-0.5562	-0.1862	0.3495	0.1887	-0.1832	0.1267	0.2426	-0.0751	-0.1331	-0.0108	0.1159	0.0126	-0.0456	-0.1082	-0.0456	-0.0677	0.1597	0.1628	-0.0762	-0.0918	-0.1413	-0.0926	0.0956	0.0242	-0.0862	-0.0862	-0.0319	-0.0887	-0.1108	-0.1108	-0.0048	0.0098	0.0939	0.0033	0.0537	-0.0086	0.103	-0.0167	0.1301	-0.0052	0.0764	0.0195	-0.1046	0.0764	0.0328	0.0862	-0.0221	0.0668	0.0241	-0.0125	0.0552	0.0499	-0.0621	0.0009	0.0405	-0.1044	-0.168	-0.1645	-0.1645	-0.1544
