rs2294190	rs4653029	rs2075931	rs1883109	rs2038008	rs17385253	rs2142534	rs12098170	rs4653032	rs4653033	rs10799058	rs2075934	rs11578724	rs12134720	rs10489377	rs4653036	rs10799059	rs2075933	rs12035126	rs4653037	rs1016091	rs6425895	rs7544781	rs4653042	rs10799060	rs12409604	rs750882	rs798076	rs798075	rs10914956	rs11586990	rs10914958	rs41416648	rs798066	rs3856131	rs3905173	rs12047023	rs3845481	rs2359106	rs4652841	rs12027125	rs12566683	rs6694043	rs4652846	rs12038357	rs1539374	rs10493058	rs10914967	rs10737381	rs1418483	rs7539462	rs12136079	rs10799067	rs1342467	rs947671	rs6665029	rs6677231	rs6671294	rs7530276	rs12566354	rs10914983	rs12074036	rs12033008	rs12039962	rs1342476	rs6679913	rs6703587	rs10914986	rs728448	rs728447	rs10799073	rs12090691	rs1886340	rs4653061	rs4653062	rs10914991	rs12117895	rs1342475	rs2147384	rs7544557	rs6695510	rs716289	rs10753314	rs10799074	rs2359631	rs7547341	rs12059222	rs2093880	rs6425904	rs7548924	rs10914996	rs12132123	rs868501	rs612353	rs12036748	rs4652852	rs491000	rs506361	rs6425908	rs9787098	rs509788	rs12039039	rs12041637	rs9787040	rs10915010	rs4491030	rs10493062	rs912537	rs927656
1.0	-0.0709	-0.1652	-0.1652	-0.0628	-0.0745	0.1575	-0.0402	-0.1334	-0.1426	-0.1403	-0.0807	-0.153	-0.0637	-0.1451	-0.1344	-0.0137	-0.1451	-0.0137	-0.1451	0.1672	0.1685	-0.1335	-0.1345	-0.1478	-0.0049	-0.1526	0.0041	-0.028	-0.1307	-0.0562	-0.0772	0.149	0.1197	-0.0602	-0.0245	0.1561	0.1245	-0.0311	-0.0825	-0.0466	-0.0445	0.1344	-0.0855	0.1409	-0.0825	0.0126	-0.1324	-0.0889	0.0852	-0.0532	-0.1102	-0.1162	-0.0532	0.0034	-0.1028	-0.0806	0.098	-0.0552	-0.0152	-0.005	0.0587	0.0587	0.0639	-0.0795	-0.0063	-0.0063	-0.0662	0.1148	0.0629	-0.0579	-0.1132	-0.1208	-0.0288	-0.0288	-0.0091	-0.0288	-0.0132	-0.0132	-0.1091	-0.1069	-0.1027	-0.1055	-0.1094	-0.1083	-0.1131	-0.1743	-0.1567	-0.0072	-0.1458	-0.1147	0.0458	-0.1472	-0.1212	-0.1553	-0.1196	-0.0141	-0.0856	-0.0014	0.0118	0.0205	-0.0337	-0.0326	-0.0304	-0.1217	-0.1377	-0.1368	-0.1368	-0.1288
-0.0709	1.0	-0.4267	-0.4267	0.9836	-0.3996	-0.4282	-0.0417	0.727	0.7111	0.4072	-0.0817	0.7176	-0.0668	0.7106	0.3995	-0.2375	0.7106	-0.2375	0.7106	-0.3532	-0.3571	0.3486	0.5471	0.371	-0.2388	0.681	-0.1924	-0.3008	0.6566	-0.0457	0.1526	-0.0927	-0.1258	-0.1362	-0.0076	-0.0153	-0.0243	-0.115	0.1597	-0.1596	-0.1502	-0.0495	0.165	-0.0262	0.1548	-0.099	-0.1789	-0.1017	0.1921	0.007	-0.1002	-0.024	0.007	-0.1123	-0.0066	-0.0553	-0.0335	0.001	0.0747	0.0841	-0.0747	-0.0747	-0.0797	-0.0208	0.0821	0.0821	-0.0257	-0.0515	-0.0612	0.0216	-0.0499	-0.0283	0.0402	0.0402	0.004	0.0402	0.0338	0.0338	-0.011	-0.0204	-0.0331	-0.0178	-0.0304	-0.0172	-0.0165	-0.0114	0.0161	-0.0202	0.0	0.0255	0.0502	-0.0082	-0.0145	-0.0221	0.004	-0.0252	-0.0264	0.0169	-0.0697	0.0198	0.0183	0.0165	0.0213	0.0367	0.042	0.0398	0.0398	0.0354
-0.1652	-0.4267	1.0	1.0	-0.4261	-0.3798	0.6701	-0.0988	-0.3409	-0.3734	-0.5687	-0.0277	-0.3086	-0.0419	-0.2998	-0.5103	-0.254	-0.2998	-0.254	-0.2998	0.5926	0.5224	-0.4853	-0.3383	-0.53	-0.25	-0.2997	-0.259	-0.3065	-0.2723	0.0115	0.1588	-0.0748	-0.1016	-0.1117	0.0288	-0.0072	-0.032	-0.0583	0.077	-0.0964	-0.0835	-0.0155	0.0814	-0.0259	0.077	0.072	-0.0248	0.1313	-0.0946	-0.0053	0.0431	0.0737	-0.0053	-0.055	0.0598	-0.0642	0.0742	0.0851	-0.1027	-0.1062	0.0162	0.0162	0.0202	0.0826	-0.1049	-0.1049	0.086	-0.036	0.0316	0.0758	0.1384	0.1396	0.0178	0.0178	0.0814	0.0178	0.0113	0.0113	0.134	0.1397	0.1366	0.1376	0.1345	0.1391	0.1105	0.1289	0.1046	-0.0535	0.0662	0.0746	0.0236	0.0684	0.0877	0.1308	0.1354	-0.0503	0.038	0.0522	0.0413	0.0079	0.0452	0.0298	0.0263	-0.0025	0.0261	0.0242	0.0242	0.0004
-0.1652	-0.4267	1.0	1.0	-0.4261	-0.3798	0.6701	-0.0988	-0.3409	-0.3734	-0.5687	-0.0277	-0.3086	-0.0419	-0.2998	-0.5103	-0.254	-0.2998	-0.254	-0.2998	0.5926	0.5224	-0.4853	-0.3383	-0.53	-0.25	-0.2997	-0.259	-0.3065	-0.2723	0.0115	0.1588	-0.0748	-0.1016	-0.1117	0.0288	-0.0072	-0.032	-0.0583	0.077	-0.0964	-0.0835	-0.0155	0.0814	-0.0259	0.077	0.072	-0.0248	0.1313	-0.0946	-0.0053	0.0431	0.0737	-0.0053	-0.055	0.0598	-0.0642	0.0742	0.0851	-0.1027	-0.1062	0.0162	0.0162	0.0202	0.0826	-0.1049	-0.1049	0.086	-0.036	0.0316	0.0758	0.1384	0.1396	0.0178	0.0178	0.0814	0.0178	0.0113	0.0113	0.134	0.1397	0.1366	0.1376	0.1345	0.1391	0.1105	0.1289	0.1046	-0.0535	0.0662	0.0746	0.0236	0.0684	0.0877	0.1308	0.1354	-0.0503	0.038	0.0522	0.0413	0.0079	0.0452	0.0298	0.0263	-0.0025	0.0261	0.0242	0.0242	0.0004
-0.0628	0.9836	-0.4261	-0.4261	1.0	-0.3986	-0.428	-0.0421	0.7351	0.7036	0.4117	-0.0827	0.7201	-0.0675	0.713	0.4087	-0.2291	0.713	-0.2291	0.713	-0.362	-0.3659	0.3524	0.5431	0.38	-0.2303	0.683	-0.1837	-0.2937	0.6582	-0.0462	0.1593	-0.0938	-0.1321	-0.1323	-0.0077	-0.0212	-0.0301	-0.1105	0.1615	-0.1554	-0.146	-0.0555	0.1669	-0.0319	0.1565	-0.1049	-0.1712	-0.0977	0.1845	0.0071	-0.0963	-0.0243	0.0071	-0.1058	-0.0066	-0.0633	-0.0173	0.0083	0.0659	0.0755	-0.0705	-0.0705	-0.0756	-0.0306	0.0734	0.0734	-0.0355	-0.0411	-0.0568	0.0116	-0.0401	-0.0236	0.0291	0.0291	-0.0037	0.0291	0.0227	0.0227	-0.0112	-0.0206	-0.0284	-0.018	-0.0258	-0.0174	-0.0112	-0.0115	0.0282	-0.0295	0.0055	0.0258	0.0406	-0.0028	-0.0249	-0.0223	-0.0015	-0.0344	-0.0218	0.0038	-0.0705	0.0149	0.01	0.0079	0.0126	0.0371	0.0376	0.0354	0.0354	0.041
-0.0745	-0.3996	-0.3798	-0.3798	-0.3986	1.0	-0.4371	-0.1332	-0.3485	-0.2899	0.451	-0.1304	-0.2635	-0.1431	-0.2543	0.3163	0.6474	-0.2543	0.6474	-0.2543	-0.3577	-0.2838	0.3331	-0.1466	0.4242	0.6349	-0.2299	0.6011	0.6451	-0.2522	-0.0575	-0.2713	-0.0111	0.2146	0.3351	0.0167	-0.1001	-0.0542	0.2511	-0.2121	0.3184	0.2973	-0.0494	-0.2191	-0.0512	-0.2121	-0.0509	0.2394	-0.0429	-0.1209	0.061	0.1499	-0.0009	0.061	0.2362	-0.0087	0.1247	-0.058	-0.0451	0.0243	0.0207	0.018	0.018	0.0167	-0.0158	0.018	0.018	-0.0215	0.0141	-0.018	-0.0539	-0.0792	-0.1071	-0.0436	-0.0436	-0.0435	-0.0436	-0.0391	-0.0391	-0.0865	-0.0808	-0.0678	-0.0825	-0.0647	-0.0802	-0.0582	-0.0501	-0.0544	0.062	-0.0143	-0.0682	-0.1078	-0.0071	-0.0476	-0.0392	-0.1031	0.0708	0.0193	-0.0842	0.0398	0.0051	-0.052	-0.0331	-0.0364	-0.0259	-0.0457	-0.0429	-0.0429	-0.0194
0.1575	-0.4282	0.6701	0.6701	-0.428	-0.4371	1.0	-0.1374	-0.5181	-0.5566	-0.8448	-0.0971	-0.4845	-0.1018	-0.4822	-0.7276	-0.3915	-0.4822	-0.3915	-0.4822	0.8489	0.7538	-0.6743	-0.4317	-0.8211	-0.3738	-0.4698	-0.4071	-0.4607	-0.4354	-0.0742	0.0775	0.0923	-0.035	-0.1726	-0.0453	0.146	0.1038	-0.0986	-0.0088	-0.1109	-0.0996	0.1179	-0.0117	0.1137	-0.0177	0.1352	-0.0871	0.0729	-0.016	-0.0551	-0.0451	0.0007	-0.0551	-0.0807	-0.0102	-0.032	0.0807	-0.0101	-0.0549	-0.0521	0.0457	0.0457	0.0517	0.0405	-0.0559	-0.0559	0.0504	0.0273	0.0655	0.0444	0.0411	0.0461	0.0063	0.0063	0.0358	0.0063	-0.0021	-0.0021	0.0507	0.0536	0.0551	0.0527	0.0498	0.0495	0.0334	0.022	-0.008	-0.0801	-0.0515	-0.0046	0.0871	-0.0457	0.0186	0.039	0.0839	-0.0824	-0.0593	0.0749	-0.0114	-0.0029	0.0189	0.0091	0.0077	-0.0103	-0.004	-0.0048	-0.0048	-0.019
-0.0402	-0.0417	-0.0988	-0.0988	-0.0421	-0.1332	-0.1374	1.0	0.3138	0.2888	-0.1649	0.8504	-0.0391	0.8217	-0.0393	-0.1751	-0.1472	-0.0393	-0.1472	-0.0393	-0.129	-0.1225	-0.173	-0.0359	-0.1586	-0.148	-0.0341	-0.1376	0.1834	-0.0427	0.3596	0.0643	-0.0646	-0.0347	-0.0169	0.0362	-0.0742	-0.0423	-0.0533	0.0796	-0.0433	-0.0467	-0.0457	0.0787	-0.0502	0.0935	0.1182	0.1006	0.1685	-0.1156	0.0084	-0.0014	0.0472	0.0084	-0.0695	0.0419	-0.0614	-0.0284	0.0105	0.0364	0.0375	-0.0415	-0.0415	-0.0427	-0.003	0.0371	0.0371	-0.0042	-0.0365	-0.036	0.0099	0.0948	0.091	-0.0034	-0.0034	0.0013	-0.0034	-0.0048	-0.0048	0.05	0.0513	0.0555	0.0519	0.0561	0.0545	0.0621	0.0488	0.0302	0.0202	0.0404	0.0262	-0.0237	0.0397	0.0189	-0.019	-0.0157	0.0165	-0.0406	0.0	-0.0101	0.0038	-0.0006	-0.0174	-0.0163	0.0315	0.0157	0.0164	0.0164	0.0272
-0.1334	0.727	-0.3409	-0.3409	0.7351	-0.3485	-0.5181	0.3138	1.0	0.9085	0.3838	0.2394	0.7968	0.245	0.7849	0.3664	-0.3515	0.7849	-0.3515	0.7849	-0.4492	-0.4345	0.2959	0.6137	0.3533	-0.3535	0.7558	-0.288	-0.2707	0.7105	0.1164	0.1698	-0.0549	-0.1892	-0.1593	0.0183	-0.0507	-0.0625	-0.1764	0.2068	-0.1823	-0.1725	-0.0924	0.2172	-0.0686	0.2166	-0.0363	-0.1065	0.0134	0.0952	0.0435	-0.0621	0.0303	0.0435	-0.1406	0.0327	-0.0687	-0.0634	0.0315	0.0276	0.037	-0.0574	-0.0574	-0.0624	-0.014	0.0348	0.0348	-0.0188	-0.048	-0.0494	0.0074	0.0765	0.0767	-0.0114	-0.0114	-0.0406	-0.0114	-0.0059	-0.0059	0.0439	0.0346	0.0407	0.0371	0.0433	0.0376	0.0663	0.039	0.1031	-0.0136	0.0833	0.072	-0.0135	0.0752	0.0328	0.03	0.0283	-0.0184	0.0356	-0.0185	-0.0511	0.0176	0.0007	0.015	0.0197	0.0281	0.0335	0.0313	0.0313	0.0323
-0.1426	0.7111	-0.3734	-0.3734	0.7036	-0.2899	-0.5566	0.2888	0.9085	1.0	0.4321	0.2145	0.8879	0.2185	0.8674	0.4151	-0.3725	0.8674	-0.3725	0.8674	-0.4815	-0.4702	0.347	0.6743	0.3953	-0.3746	0.8287	-0.3109	-0.306	0.7978	0.1067	0.1853	-0.0767	-0.1278	-0.158	0.003	0.0342	0.0224	-0.1823	0.1348	-0.1774	-0.1754	-0.0076	0.1392	0.012	0.144	-0.0059	-0.1526	-0.0498	0.1466	0.0227	-0.1167	-0.0407	0.0227	-0.1203	-0.0318	0.0323	-0.0406	0.0652	0.0418	0.0468	-0.0821	-0.0821	-0.0873	-0.0432	0.0445	0.0445	-0.0481	-0.0656	-0.0814	-0.019	0.0216	0.0146	-0.0317	-0.0317	-0.0592	-0.0317	-0.027	-0.027	-0.0063	-0.0145	-0.0004	-0.0119	0.0023	-0.0103	0.0213	0.0019	0.0774	-0.0087	0.0633	0.044	-0.0314	0.0553	-0.0057	-0.002	-0.0116	-0.0148	0.0429	-0.0349	-0.0715	0.011	0.0032	0.0123	0.0172	0.0462	0.047	0.0452	0.0452	0.048
-0.1403	0.4072	-0.5687	-0.5687	0.4117	0.451	-0.8448	-0.1649	0.3838	0.4321	1.0	-0.2204	0.5342	-0.2052	0.5274	0.8503	0.4769	0.5274	0.4769	0.5274	-0.8779	-0.7667	0.8008	0.4921	0.9444	0.4649	0.5089	0.4935	0.4356	0.4781	-0.1023	-0.1027	-0.0919	0.0535	0.1998	-0.0709	-0.1104	-0.0642	0.1236	-0.0298	0.1378	0.1225	-0.0866	-0.0312	-0.0715	-0.0254	-0.185	0.0526	-0.1247	0.0454	0.0079	0.0338	-0.0483	0.0079	0.1253	-0.0227	0.0671	-0.0562	0.0486	0.0387	0.0397	-0.0659	-0.0659	-0.0713	-0.0367	0.0351	0.0351	-0.046	-0.049	-0.0786	-0.0539	-0.0699	-0.0949	-0.0542	-0.0542	-0.0124	-0.0542	-0.045	-0.045	-0.0513	-0.0545	-0.0358	-0.0539	-0.0308	-0.0516	-0.0482	-0.0225	0.0076	0.099	0.0622	0.0066	-0.103	0.0568	-0.0047	-0.0128	-0.073	0.1022	0.0522	-0.0527	0.0117	0.0443	0.0145	0.0458	0.0471	0.0065	0.0278	0.0284	0.0284	0.0165
-0.0807	-0.0817	-0.0277	-0.0277	-0.0827	-0.1304	-0.0971	0.8504	0.2394	0.2145	-0.2204	1.0	-0.0647	0.9664	-0.0651	-0.2247	-0.1762	-0.0651	-0.1762	-0.0651	-0.1219	-0.1248	-0.219	-0.0665	-0.2042	-0.1772	-0.0593	-0.1688	0.1886	-0.0657	0.6293	0.0829	-0.0708	-0.0264	-0.0294	0.2651	-0.098	-0.0585	-0.0703	0.0617	-0.0592	-0.0629	-0.0348	0.0605	-0.0675	0.0742	0.1432	0.1297	0.2118	-0.1805	0.0834	0.044	0.0964	0.0834	-0.0903	0.068	-0.0806	-0.0667	-0.0181	0.0078	-0.0148	0.0122	0.0122	0.0107	0.001	0.0085	0.0085	-0.0004	0.0207	0.0189	0.0161	0.0672	0.0951	0.0676	0.0676	0.0526	0.0676	0.0653	0.0653	0.0672	0.0689	0.0429	0.0695	0.0437	0.0724	0.0459	0.0537	-0.0063	0.0667	0.0351	0.0253	-0.0156	0.0343	0.017	-0.0505	-0.0419	0.0618	-0.0319	0.0016	0.0027	-0.0003	0.0405	-0.0159	-0.0147	0.0144	0.0124	0.0132	0.0132	-0.0035
-0.153	0.7176	-0.3086	-0.3086	0.7201	-0.2635	-0.4845	-0.0391	0.7968	0.8879	0.5342	-0.0647	1.0	-0.0502	0.9733	0.5459	-0.3339	0.9733	-0.3339	0.9733	-0.4974	-0.507	0.476	0.7528	0.5034	-0.3357	0.9356	-0.2712	-0.3937	0.895	-0.0082	0.2098	-0.0858	-0.1445	-0.1798	-0.0061	0.0605	0.0281	-0.1859	0.1332	-0.1859	-0.182	-0.002	0.1384	0.0209	0.138	-0.0251	-0.1751	-0.0672	0.1595	0.0254	-0.1078	-0.0368	0.0254	-0.1132	-0.031	0.0671	-0.0198	0.0921	0.0226	0.0274	-0.0884	-0.0884	-0.0933	-0.0635	0.0251	0.0251	-0.0681	-0.064	-0.0853	-0.0351	0.0047	-0.0085	-0.0474	-0.0474	-0.0287	-0.0474	-0.0305	-0.0305	0.0133	0.004	0.02	0.0065	0.0226	0.0023	0.0126	0.0226	0.0808	0.037	0.0934	0.0702	-0.0358	0.0853	0.0209	0.0197	0.0013	0.0314	0.0519	-0.0096	-0.0571	0.0203	0.0311	0.038	0.0427	0.0416	0.0585	0.0564	0.0564	0.0455
-0.0637	-0.0668	-0.0419	-0.0419	-0.0675	-0.1431	-0.1018	0.8217	0.245	0.2185	-0.2052	0.9664	-0.0502	1.0	-0.0772	-0.2203	-0.1717	-0.0772	-0.1717	-0.0772	-0.1362	-0.1416	-0.2135	-0.0674	-0.214	-0.1726	-0.0713	-0.1651	0.2034	-0.0772	0.6949	0.0722	-0.0444	-0.024	-0.0419	0.2548	-0.0821	-0.0455	-0.0802	0.0606	-0.0688	-0.0727	-0.0229	0.0594	-0.055	0.0728	0.1313	0.1188	0.2042	-0.1681	0.0778	0.037	0.0937	0.0778	-0.0965	0.0669	-0.0864	-0.078	-0.0265	0.019	-0.0029	0.0074	0.0074	0.0059	-0.0057	0.0197	0.0197	-0.0071	0.0196	0.0144	0.0096	0.0636	0.0884	0.0602	0.0602	0.0426	0.0602	0.0579	0.0579	0.0487	0.0503	0.0272	0.051	0.0279	0.0541	0.0323	0.0354	-0.017	0.0583	0.0204	0.0084	-0.0215	0.0195	-0.0003	-0.0598	-0.0541	0.0533	-0.0255	-0.0088	0.0222	-0.0182	0.0316	-0.0227	-0.0214	0.0094	0.0036	0.0044	0.0044	-0.0082
-0.1451	0.7106	-0.2998	-0.2998	0.713	-0.2543	-0.4822	-0.0393	0.7849	0.8674	0.5274	-0.0651	0.9733	-0.0772	1.0	0.5488	-0.3519	1.0	-0.3519	1.0	-0.4952	-0.5001	0.4786	0.7767	0.5158	-0.3538	0.9624	-0.2886	-0.4163	0.922	-0.0435	0.206	-0.0932	-0.1357	-0.154	-0.0061	0.0385	0.0121	-0.1641	0.129	-0.1635	-0.1598	-0.0182	0.1342	0.005	0.1339	-0.0394	-0.1665	-0.0776	0.1556	0.0256	-0.1084	-0.0473	0.0256	-0.0986	-0.0419	0.0675	-0.0253	0.0854	0.0368	0.0416	-0.0987	-0.0987	-0.1036	-0.0639	0.0394	0.0394	-0.0684	-0.0751	-0.0957	-0.0353	0.0098	-0.0086	-0.0477	-0.0477	-0.0061	-0.0477	-0.0306	-0.0306	0.0277	0.0184	0.0349	0.0209	0.0375	0.0167	0.0181	0.0323	0.0753	0.055	0.0992	0.0756	-0.036	0.0911	0.0412	0.0315	0.0121	0.0491	0.0522	0.0034	-0.048	0.0305	0.0397	0.0468	0.0516	0.0574	0.0779	0.0759	0.0759	0.0612
-0.1344	0.3995	-0.5103	-0.5103	0.4087	0.3163	-0.7276	-0.1751	0.3664	0.4151	0.8503	-0.2247	0.5459	-0.2203	0.5488	1.0	0.5424	0.5488	0.5424	0.5488	-0.8425	-0.9079	0.9432	0.3937	0.8532	0.5358	0.5343	0.5594	0.3123	0.4982	-0.1342	-0.1055	-0.097	0.0802	0.223	-0.0605	-0.1143	-0.0597	0.1474	-0.0489	0.1589	0.1448	-0.0805	-0.05	-0.0691	-0.0447	-0.1655	0.0677	-0.1297	0.0487	-0.0251	0.0057	-0.0841	-0.0251	0.1335	-0.0534	0.0877	-0.0649	-0.0093	0.1166	0.1169	-0.0831	-0.0831	-0.088	-0.0619	0.1131	0.1131	-0.0705	-0.0461	-0.0843	-0.0576	-0.0667	-0.083	-0.0238	-0.0238	-0.022	-0.0238	-0.0147	-0.0147	-0.0461	-0.0496	-0.0441	-0.0491	-0.0394	-0.0518	-0.0466	-0.0386	-0.0262	0.1113	0.0387	-0.0073	-0.0866	0.0336	-0.0384	-0.0565	-0.1041	0.1074	0.019	-0.0264	0.0007	0.0445	0.0264	0.055	0.056	-0.0231	0.0067	0.0071	0.0071	-0.0119
-0.0137	-0.2375	-0.254	-0.254	-0.2291	0.6474	-0.3915	-0.1472	-0.3515	-0.3725	0.4769	-0.1762	-0.3339	-0.1717	-0.3519	0.5424	1.0	-0.3519	1.0	-0.3519	-0.42	-0.4837	0.5425	-0.3981	0.4943	0.9836	-0.338	0.9476	0.7971	-0.3357	-0.1146	-0.2835	-0.0868	0.1929	0.4202	-0.0533	-0.2089	-0.1124	0.3339	-0.16	0.3425	0.3239	-0.1047	-0.1659	-0.113	-0.16	-0.149	0.2441	-0.0629	-0.1087	-0.0414	0.1322	-0.032	-0.0414	0.2526	-0.0044	0.0088	-0.0473	-0.0876	0.0795	0.0747	0.0099	0.0099	0.0097	0.0022	0.0727	0.0727	-0.0028	0.0272	0.0087	-0.0254	-0.0821	-0.0927	-0.0022	-0.0022	-0.0138	-0.0022	0.0032	0.0032	-0.0778	-0.073	-0.0787	-0.0752	-0.0761	-0.0748	-0.0744	-0.0734	-0.0834	0.0643	-0.04	-0.0817	-0.0864	-0.0375	-0.0805	-0.0745	-0.1237	0.067	-0.02	-0.0556	0.066	0.0104	-0.0109	0.0122	0.0081	-0.078	-0.0659	-0.0636	-0.0636	-0.0678
-0.1451	0.7106	-0.2998	-0.2998	0.713	-0.2543	-0.4822	-0.0393	0.7849	0.8674	0.5274	-0.0651	0.9733	-0.0772	1.0	0.5488	-0.3519	1.0	-0.3519	1.0	-0.4952	-0.5001	0.4786	0.7767	0.5158	-0.3538	0.9624	-0.2886	-0.4163	0.922	-0.0435	0.206	-0.0932	-0.1357	-0.154	-0.0061	0.0385	0.0121	-0.1641	0.129	-0.1635	-0.1598	-0.0182	0.1342	0.005	0.1339	-0.0394	-0.1665	-0.0776	0.1556	0.0256	-0.1084	-0.0473	0.0256	-0.0986	-0.0419	0.0675	-0.0253	0.0854	0.0368	0.0416	-0.0987	-0.0987	-0.1036	-0.0639	0.0394	0.0394	-0.0684	-0.0751	-0.0957	-0.0353	0.0098	-0.0086	-0.0477	-0.0477	-0.0061	-0.0477	-0.0306	-0.0306	0.0277	0.0184	0.0349	0.0209	0.0375	0.0167	0.0181	0.0323	0.0753	0.055	0.0992	0.0756	-0.036	0.0911	0.0412	0.0315	0.0121	0.0491	0.0522	0.0034	-0.048	0.0305	0.0397	0.0468	0.0516	0.0574	0.0779	0.0759	0.0759	0.0612
-0.0137	-0.2375	-0.254	-0.254	-0.2291	0.6474	-0.3915	-0.1472	-0.3515	-0.3725	0.4769	-0.1762	-0.3339	-0.1717	-0.3519	0.5424	1.0	-0.3519	1.0	-0.3519	-0.42	-0.4837	0.5425	-0.3981	0.4943	0.9836	-0.338	0.9476	0.7971	-0.3357	-0.1146	-0.2835	-0.0868	0.1929	0.4202	-0.0533	-0.2089	-0.1124	0.3339	-0.16	0.3425	0.3239	-0.1047	-0.1659	-0.113	-0.16	-0.149	0.2441	-0.0629	-0.1087	-0.0414	0.1322	-0.032	-0.0414	0.2526	-0.0044	0.0088	-0.0473	-0.0876	0.0795	0.0747	0.0099	0.0099	0.0097	0.0022	0.0727	0.0727	-0.0028	0.0272	0.0087	-0.0254	-0.0821	-0.0927	-0.0022	-0.0022	-0.0138	-0.0022	0.0032	0.0032	-0.0778	-0.073	-0.0787	-0.0752	-0.0761	-0.0748	-0.0744	-0.0734	-0.0834	0.0643	-0.04	-0.0817	-0.0864	-0.0375	-0.0805	-0.0745	-0.1237	0.067	-0.02	-0.0556	0.066	0.0104	-0.0109	0.0122	0.0081	-0.078	-0.0659	-0.0636	-0.0636	-0.0678
-0.1451	0.7106	-0.2998	-0.2998	0.713	-0.2543	-0.4822	-0.0393	0.7849	0.8674	0.5274	-0.0651	0.9733	-0.0772	1.0	0.5488	-0.3519	1.0	-0.3519	1.0	-0.4952	-0.5001	0.4786	0.7767	0.5158	-0.3538	0.9624	-0.2886	-0.4163	0.922	-0.0435	0.206	-0.0932	-0.1357	-0.154	-0.0061	0.0385	0.0121	-0.1641	0.129	-0.1635	-0.1598	-0.0182	0.1342	0.005	0.1339	-0.0394	-0.1665	-0.0776	0.1556	0.0256	-0.1084	-0.0473	0.0256	-0.0986	-0.0419	0.0675	-0.0253	0.0854	0.0368	0.0416	-0.0987	-0.0987	-0.1036	-0.0639	0.0394	0.0394	-0.0684	-0.0751	-0.0957	-0.0353	0.0098	-0.0086	-0.0477	-0.0477	-0.0061	-0.0477	-0.0306	-0.0306	0.0277	0.0184	0.0349	0.0209	0.0375	0.0167	0.0181	0.0323	0.0753	0.055	0.0992	0.0756	-0.036	0.0911	0.0412	0.0315	0.0121	0.0491	0.0522	0.0034	-0.048	0.0305	0.0397	0.0468	0.0516	0.0574	0.0779	0.0759	0.0759	0.0612
0.1672	-0.3532	0.5926	0.5926	-0.362	-0.3577	0.8489	-0.129	-0.4492	-0.4815	-0.8779	-0.1219	-0.4974	-0.1362	-0.4952	-0.8425	-0.42	-0.4952	-0.42	-0.4952	1.0	0.8863	-0.7969	-0.538	-0.8855	-0.4174	-0.4858	-0.4453	-0.5202	-0.4459	-0.1173	0.1128	0.0388	-0.0701	-0.1821	-0.0093	0.1068	0.055	-0.1031	0.0348	-0.1262	-0.1079	0.0707	0.0372	0.0692	0.026	0.1352	-0.1062	0.051	0.0132	-0.021	-0.0308	0.0296	-0.021	-0.0879	0.011	-0.0488	0.0812	-0.0344	-0.0611	-0.0546	0.065	0.065	0.0715	0.0628	-0.0581	-0.0581	0.073	0.0323	0.0775	0.071	0.03	0.0534	0.0385	0.0385	0.011	0.0385	0.0306	0.0306	0.0201	0.0222	0.0083	0.0211	0.0028	0.021	0.0183	-0.0035	0.0041	-0.1451	-0.0798	-0.017	0.1154	-0.0738	0.0004	0.0397	0.1003	-0.1447	-0.0438	0.0301	-0.0172	-0.0546	-0.0568	-0.0647	-0.0671	0.0192	-0.0157	-0.0168	-0.0168	0.0122
0.1685	-0.3571	0.5224	0.5224	-0.3659	-0.2838	0.7538	-0.1225	-0.4345	-0.4702	-0.7667	-0.1248	-0.507	-0.1416	-0.5001	-0.9079	-0.4837	-0.5001	-0.4837	-0.5001	0.8863	1.0	-0.9044	-0.4056	-0.7719	-0.4815	-0.5345	-0.5093	-0.393	-0.4604	-0.1183	0.0739	0.1195	-0.0612	-0.2047	-0.0135	0.1264	0.0703	-0.1294	0.0383	-0.1435	-0.1284	0.0828	0.0396	0.082	0.0296	0.0956	-0.1398	0.0405	0.0308	0.0064	-0.0279	0.0455	0.0064	-0.1052	0.025	-0.0678	0.111	0.0205	-0.1258	-0.1181	0.0753	0.0753	0.0806	0.0602	-0.1224	-0.1224	0.0693	0.0365	0.0748	0.0522	0.035	0.043	0.0022	0.0022	0.004	0.0022	-0.0065	-0.0065	0.0181	0.0212	0.0241	0.0207	0.0191	0.0226	0.0262	0.015	0.0218	-0.1228	-0.0497	0.004	0.1007	-0.0491	0.0286	0.0628	0.1082	-0.1178	-0.0335	0.0329	-0.0207	-0.0157	-0.0307	-0.0389	-0.0402	0.0088	-0.0141	-0.0147	-0.0147	0.0033
-0.1335	0.3486	-0.4853	-0.4853	0.3524	0.3331	-0.6743	-0.173	0.2959	0.347	0.8008	-0.219	0.476	-0.2135	0.4786	0.9432	0.5425	0.4786	0.5425	0.4786	-0.7969	-0.9044	1.0	0.4513	0.8063	0.5455	0.5041	0.5717	0.3277	0.5034	-0.1351	-0.1164	-0.0899	0.0941	0.2211	-0.0703	-0.1227	-0.0432	0.1699	-0.0524	0.178	0.1651	-0.0628	-0.053	-0.0824	-0.0482	-0.1295	0.1007	-0.1126	0.0239	-0.026	0.0241	-0.0738	-0.026	0.1462	-0.0457	0.098	-0.087	-0.0203	0.1137	0.1136	-0.0701	-0.0701	-0.0746	-0.0492	0.11	0.11	-0.0574	-0.0322	-0.0646	-0.0486	-0.0394	-0.0551	-0.0199	-0.0199	-0.0246	-0.0199	-0.0103	-0.0103	-0.0276	-0.0315	-0.0277	-0.0313	-0.0232	-0.0348	-0.0261	-0.0239	-0.0093	0.0928	0.0428	-0.0024	-0.0845	0.0426	-0.0309	-0.0449	-0.0873	0.0904	0.0369	-0.0267	0.0224	0.0087	0.0085	0.0338	0.0343	-0.0009	0.0126	0.0128	0.0128	0.0025
-0.1345	0.5471	-0.3383	-0.3383	0.5431	-0.1466	-0.4317	-0.0359	0.6137	0.6743	0.4921	-0.0665	0.7528	-0.0674	0.7767	0.3937	-0.3981	0.7767	-0.3981	0.7767	-0.538	-0.4056	0.4513	1.0	0.4855	-0.4003	0.8042	-0.3386	-0.2527	0.7958	-0.0501	0.1061	0.0702	-0.0904	-0.1804	-0.0466	0.0883	0.0663	-0.1471	0.0986	-0.1391	-0.1382	0.0359	0.1025	0.0243	0.1031	-0.0171	-0.1201	-0.0525	0.1182	0.0296	-0.0751	-0.0203	0.0296	-0.0854	-0.019	0.0647	-0.0494	0.1073	-0.0073	-0.002	-0.074	-0.074	-0.0794	-0.051	-0.0047	-0.0047	-0.056	-0.0607	-0.0812	-0.0437	0.0545	0.0269	-0.0663	-0.0663	-0.0242	-0.0663	-0.0616	-0.0616	0.0523	0.0446	0.0755	0.0473	0.0783	0.0449	0.0643	0.0735	0.0913	0.0652	0.1205	0.0945	-0.0383	0.1174	0.0815	0.0567	0.0384	0.0654	0.083	0.0292	-0.0283	0.0247	0.0377	0.0413	0.0465	0.0624	0.0727	0.0712	0.0712	0.0585
-0.1478	0.371	-0.53	-0.53	0.38	0.4242	-0.8211	-0.1586	0.3533	0.3953	0.9444	-0.2042	0.5034	-0.214	0.5158	0.8532	0.4943	0.5158	0.4943	0.5158	-0.8855	-0.7719	0.8063	0.4855	1.0	0.5019	0.5127	0.5282	0.4701	0.4835	-0.1409	-0.0984	-0.0884	0.0569	0.2137	-0.0551	-0.1121	-0.0688	0.1436	-0.0456	0.1551	0.139	-0.0821	-0.0472	-0.0726	-0.0412	-0.1888	0.0714	-0.1185	0.0348	0.0012	0.0304	-0.0524	0.0012	0.1262	-0.0256	0.069	-0.0459	0.0486	0.0422	0.0392	-0.0577	-0.0577	-0.0633	-0.051	0.0388	0.0388	-0.0605	-0.0307	-0.0694	-0.0759	-0.0597	-0.09	-0.0658	-0.0658	-0.0103	-0.0658	-0.0467	-0.0467	-0.0356	-0.0386	-0.0186	-0.0379	-0.0179	-0.0395	-0.0406	-0.0071	0.0051	0.117	0.0709	0.0078	-0.1168	0.0653	-0.0002	-0.0151	-0.0779	0.1192	0.0381	-0.0398	-0.0013	0.0552	0.0432	0.0612	0.0628	-0.0172	0.018	0.0187	0.0187	-0.0031
-0.0049	-0.2388	-0.25	-0.25	-0.2303	0.6349	-0.3738	-0.148	-0.3535	-0.3746	0.4649	-0.1772	-0.3357	-0.1726	-0.3538	0.5358	0.9836	-0.3538	0.9836	-0.3538	-0.4174	-0.4815	0.5455	-0.4003	0.5019	1.0	-0.3453	0.9635	0.8015	-0.3375	-0.1152	-0.2801	-0.0872	0.2037	0.4171	-0.0535	-0.193	-0.0967	0.3357	-0.1757	0.3444	0.3257	-0.089	-0.1816	-0.0974	-0.1757	-0.145	0.2407	-0.0632	-0.1044	-0.0416	0.123	-0.0374	-0.0416	0.2463	-0.0099	0.0163	-0.0256	-0.0808	0.0657	0.061	0.025	0.025	0.0246	0.0118	0.0588	0.0588	0.0067	0.0382	0.0238	-0.0255	-0.0877	-0.0882	0.0092	0.0092	0.0015	0.0092	0.0146	0.0146	-0.0734	-0.0685	-0.0791	-0.0708	-0.0815	-0.0703	-0.0803	-0.069	-0.0839	0.0556	-0.0456	-0.077	-0.0667	-0.0431	-0.0758	-0.0749	-0.1134	0.0585	-0.025	-0.0493	0.0568	0.0054	-0.011	0.0122	0.0081	-0.068	-0.0566	-0.0542	-0.0542	-0.0577
-0.1526	0.681	-0.2997	-0.2997	0.683	-0.2299	-0.4698	-0.0341	0.7558	0.8287	0.5089	-0.0593	0.9356	-0.0713	0.9624	0.5343	-0.338	0.9624	-0.338	0.9624	-0.4858	-0.5345	0.5041	0.8042	0.5127	-0.3453	1.0	-0.2786	-0.4071	0.9027	-0.0564	0.1916	-0.0851	-0.1299	-0.1446	-0.0022	0.0459	0.0048	-0.1406	0.1142	-0.1407	-0.1367	-0.0253	0.1196	-0.0012	0.1191	-0.0226	-0.1278	-0.0559	0.1312	0.014	-0.1004	-0.043	0.014	-0.0927	-0.0438	0.0667	-0.0478	0.0863	0.0424	0.0471	-0.1075	-0.1075	-0.1123	-0.0633	0.0449	0.0449	-0.0677	-0.086	-0.1053	-0.036	0.028	0.0076	-0.0509	-0.0509	-0.0077	-0.0509	-0.0334	-0.0334	0.0404	0.0309	0.0489	0.0333	0.0514	0.0287	0.0326	0.0452	0.0701	0.0571	0.0955	0.0669	-0.0462	0.0927	0.0434	0.0316	0.0123	0.0515	0.0584	0.007	-0.0371	0.0142	0.0355	0.0416	0.0463	0.0601	0.078	0.0758	0.0758	0.0645
0.0041	-0.1924	-0.259	-0.259	-0.1837	0.6011	-0.4071	-0.1376	-0.288	-0.3109	0.4935	-0.1688	-0.2712	-0.1651	-0.2886	0.5594	0.9476	-0.2886	0.9476	-0.2886	-0.4453	-0.5093	0.5717	-0.3386	0.5282	0.9635	-0.2786	1.0	0.7701	-0.2682	-0.1029	-0.2687	-0.0949	0.1931	0.4173	-0.0349	-0.2014	-0.1101	0.3329	-0.1503	0.3379	0.3189	-0.1138	-0.1562	-0.1228	-0.1455	-0.1552	0.2228	-0.065	-0.0851	-0.048	0.1259	-0.0206	-0.048	0.2191	0.0084	0.0036	-0.0138	-0.0646	0.0634	0.0498	0.0236	0.0236	0.023	0.0143	0.0476	0.0476	0.0091	0.0362	0.0235	-0.0294	-0.0946	-0.0905	0.0074	0.0074	0.0112	0.0074	0.0123	0.0123	-0.0592	-0.0636	-0.0729	-0.0657	-0.0751	-0.0648	-0.0701	-0.0504	-0.0672	0.0565	-0.035	-0.0638	-0.0606	-0.0326	-0.0591	-0.0583	-0.0948	0.0587	-0.0161	-0.047	0.0599	0.0073	-0.0123	0.0118	0.008	-0.0618	-0.0518	-0.0494	-0.0494	-0.0526
-0.028	-0.3008	-0.3065	-0.3065	-0.2937	0.6451	-0.4607	0.1834	-0.2707	-0.306	0.4356	0.1886	-0.3937	0.2034	-0.4163	0.3123	0.7971	-0.4163	0.7971	-0.4163	-0.5202	-0.393	0.3277	-0.2527	0.4701	0.8015	-0.4071	0.7701	1.0	-0.4073	0.1576	-0.284	-0.011	0.1854	0.3552	-1e-04	-0.1741	-0.0897	0.2813	-0.1526	0.2975	0.2753	-0.0767	-0.1597	-0.0909	-0.1479	-0.1074	0.2673	0.0188	-0.1674	0.0062	0.1417	0.0082	0.0062	0.2038	0.0207	-0.0047	-0.052	-0.0416	0.0259	0.0187	0.023	0.023	0.0211	0.0032	0.0202	0.0202	-0.0031	0.0335	0.0104	-0.0445	-0.0318	-0.0473	-0.0241	-0.0241	-0.0048	-0.0241	-0.0207	-0.0207	-0.0487	-0.0425	-0.036	-0.0438	-0.0374	-0.0402	-0.0399	-0.0279	-0.0526	0.0845	0.0012	-0.0491	-0.0992	0.0028	-0.0332	-0.0487	-0.1022	0.0907	0.014	-0.0447	0.0882	-1e-04	0.0108	0.0186	0.0162	-0.0678	-0.0577	-0.0546	-0.0546	-0.0632
-0.1307	0.6566	-0.2723	-0.2723	0.6582	-0.2522	-0.4354	-0.0427	0.7105	0.7978	0.4781	-0.0657	0.895	-0.0772	0.922	0.4982	-0.3357	0.922	-0.3357	0.922	-0.4459	-0.4604	0.5034	0.7958	0.4835	-0.3375	0.9027	-0.2682	-0.4073	1.0	-0.0684	0.1945	-0.086	-0.1017	-0.1393	0.0033	0.017	0.0349	-0.14	0.115	-0.1481	-0.1433	0.0158	0.1207	-0.0031	0.12	-0.0421	-0.1663	-0.0929	0.1651	0.0042	-0.1176	-0.0633	0.0042	-0.0979	-0.0552	0.0642	-0.0241	0.0715	0.0586	0.0582	-0.1075	-0.1075	-0.1122	-0.0495	0.0611	0.0611	-0.054	-0.0841	-0.096	-0.0231	0.0351	0.0192	-0.0397	-0.0397	-0.0042	-0.0397	-0.0217	-0.0217	0.0446	0.0346	0.0475	0.037	0.05	0.0318	0.0333	0.0448	0.0843	0.0363	0.0959	0.0794	-0.0223	0.0877	0.0357	0.0207	0.0154	0.0316	0.0323	0.0106	-0.0631	0.0242	0.019	0.0233	0.0278	0.0906	0.0967	0.0944	0.0944	0.0902
-0.0562	-0.0457	0.0115	0.0115	-0.0462	-0.0575	-0.0742	0.3596	0.1164	0.1067	-0.1023	0.6293	-0.0082	0.6949	-0.0435	-0.1342	-0.1146	-0.0435	-0.1146	-0.0435	-0.1173	-0.1183	-0.1351	-0.0501	-0.1409	-0.1152	-0.0564	-0.1029	0.1576	-0.0684	1.0	0.0636	-0.0261	0.0347	-0.0367	0.3551	-0.0466	-0.0431	-0.0298	-0.0064	-0.0199	-0.0232	-0.0111	-0.0076	-0.0505	0.0096	0.0791	0.0566	0.1154	-0.1204	0.1271	0.1255	0.1557	0.1271	-0.0565	0.116	-0.0491	-0.0689	-0.0116	-0.0496	-0.0789	0.0609	0.0609	0.0595	-0.0168	-0.0491	-0.0491	-0.0179	0.0648	0.0505	-0.0056	0.0636	0.0828	0.0476	0.0476	0.0238	0.0476	0.0458	0.0458	0.0542	0.0555	0.0376	0.0561	0.0382	0.0585	0.0504	0.0531	0.0058	0.0694	0.0476	0.0232	-0.0432	0.047	0.0329	0.0065	-0.018	0.0939	0.0333	-0.0369	0.061	0.0021	0.0746	-0.0009	0.0002	0.0143	0.0248	0.0254	0.0254	-0.0065
-0.0772	0.1526	0.1588	0.1588	0.1593	-0.2713	0.0775	0.0643	0.1698	0.1853	-0.1027	0.0829	0.2098	0.0722	0.206	-0.1055	-0.2835	0.206	-0.2835	0.206	0.1128	0.0739	-0.1164	0.1061	-0.0984	-0.2801	0.1916	-0.2687	-0.284	0.1945	0.0636	1.0	-0.5999	-0.6806	-0.3764	0.078	-0.2301	-0.3406	-0.2371	0.4672	-0.2649	-0.2767	-0.2887	0.4571	-0.2885	0.4627	0.0951	-0.0276	0.203	-0.1318	0.0908	0.1411	0.1877	0.0908	-0.0655	0.1597	0.0177	-0.0638	0.05	0.0085	0.0114	-0.0323	-0.0323	-0.0352	0.0268	0.0229	0.0229	0.0237	-0.0437	-0.0232	0.032	0.0391	0.0687	0.0782	0.0782	0.1154	0.0782	0.074	0.074	0.0795	0.0871	0.0587	0.0885	0.0602	0.0857	-0.0071	0.1074	0.0898	0.0116	0.0954	0.114	0.0468	0.0889	0.1059	0.0863	0.113	-0.0047	0.0046	0.0686	-0.007	0.0099	0.0028	-0.0102	-0.0075	0.0073	-0.0033	-0.0063	-0.0063	-0.0117
0.149	-0.0927	-0.0748	-0.0748	-0.0938	-0.0111	0.0923	-0.0646	-0.0549	-0.0767	-0.0919	-0.0708	-0.0858	-0.0444	-0.0932	-0.097	-0.0868	-0.0932	-0.0868	-0.0932	0.0388	0.1195	-0.0899	0.0702	-0.0884	-0.0872	-0.0851	-0.0949	-0.011	-0.086	-0.0261	-0.5999	1.0	0.4002	-0.1548	-0.0558	0.5053	0.4669	-0.1326	-0.2641	-0.1266	-0.1212	0.4214	-0.2625	0.4184	-0.2641	0.1315	-0.1831	-0.1192	0.1582	-0.046	-0.1372	-0.0906	-0.046	-0.0747	-0.0974	-0.1496	0.1801	0.0144	-0.2078	-0.2214	0.1899	0.1899	0.1984	-0.0061	-0.2305	-0.2305	0.0024	0.1889	0.1696	-0.0339	-0.0002	-0.0059	-0.0463	-0.0463	-0.0771	-0.0463	-0.0213	-0.0213	-0.0433	-0.0582	-0.0487	-0.0564	-0.0532	-0.0556	0.0031	-0.0652	-0.0774	-0.0123	-0.0828	-0.0705	0.0154	-0.078	-0.0586	-0.0604	-0.0492	-0.0106	0.0157	-0.0075	0.0089	-0.0237	-0.0241	0.0084	0.0117	-0.0612	-0.05	-0.0484	-0.0484	-0.0522
0.1197	-0.1258	-0.1016	-0.1016	-0.1321	0.2146	-0.035	-0.0347	-0.1892	-0.1278	0.0535	-0.0264	-0.1445	-0.024	-0.1357	0.0802	0.1929	-0.1357	0.1929	-0.1357	-0.0701	-0.0612	0.0941	-0.0904	0.0569	0.2037	-0.1299	0.1931	0.1854	-0.1017	0.0347	-0.6806	0.4002	1.0	0.3454	0.0349	0.4056	0.4901	0.2477	-0.6082	0.2494	0.2591	0.4517	-0.597	0.4269	-0.6038	-0.0276	-0.1383	-0.2667	0.1997	-0.012	-0.2656	-0.3031	-0.012	0.0312	-0.3121	0.0867	0.1156	0.0256	0.0395	0.0388	-0.0674	-0.0674	-0.0666	-0.0547	0.0351	0.0351	-0.0538	-0.055	-0.0705	-0.0374	-0.0496	-0.0833	-0.0808	-0.0808	-0.0666	-0.0808	-0.0693	-0.0693	-0.0373	-0.0379	-0.0134	-0.0425	-0.0181	-0.0437	0.0218	-0.0753	-0.0477	-0.0027	-0.0503	-0.0696	-0.0436	-0.0404	-0.0753	-0.0534	-0.0821	0.0224	-0.0573	-0.0223	0.0316	-0.0276	0.0667	0.073	0.0728	0.0773	0.126	0.126	0.126	0.0922
-0.0602	-0.1362	-0.1117	-0.1117	-0.1323	0.3351	-0.1726	-0.0169	-0.1593	-0.158	0.1998	-0.0294	-0.1798	-0.0419	-0.154	0.223	0.4202	-0.154	0.4202	-0.154	-0.1821	-0.2047	0.2211	-0.1804	0.2137	0.4171	-0.1446	0.4173	0.3552	-0.1393	-0.0367	-0.3764	-0.1548	0.3454	1.0	-0.0711	-0.3327	-0.1765	0.8075	-0.5141	0.8216	0.828	-0.1788	-0.5017	-0.175	-0.5093	-0.442	0.369	-0.2143	-0.1501	-0.0513	0.0738	-0.2587	-0.0513	0.4944	-0.235	0.0762	-0.004	-0.0259	0.1819	0.1904	-0.158	-0.158	-0.1625	-0.0315	0.1846	0.1846	-0.036	-0.1164	-0.1267	-0.023	-0.088	-0.1377	-0.0818	-0.0818	-0.0118	-0.0818	-0.0867	-0.0867	-0.0249	-0.0201	0.0148	-0.0225	0.0172	-0.0129	-0.0061	-0.0012	-0.055	0.0764	-0.0068	-0.0433	-0.0726	-0.0042	-0.0209	-0.0346	-0.0792	0.0882	-0.0928	0.0111	-0.0302	0.1312	0.0882	0.0783	0.0744	-0.0268	0.0183	0.0208	0.0208	-0.0216
-0.0245	-0.0076	0.0288	0.0288	-0.0077	0.0167	-0.0453	0.0362	0.0183	0.003	-0.0709	0.2651	-0.0061	0.2548	-0.0061	-0.0605	-0.0533	-0.0061	-0.0533	-0.0061	-0.0093	-0.0135	-0.0703	-0.0466	-0.0551	-0.0535	-0.0022	-0.0349	-1e-04	0.0033	0.3551	0.078	-0.0558	0.0349	-0.0711	1.0	-0.1292	-0.1362	-0.0552	-0.0142	-0.0743	-0.0762	-0.0914	-0.0152	-0.1406	-0.0142	0.0767	-0.0204	0.1413	-0.147	0.4816	0.1212	0.1376	0.4816	-0.0454	-0.0153	-0.0718	-0.0693	-0.0155	-0.0026	-0.0424	0.0043	0.0043	0.0034	0.0652	-0.0021	-0.0021	0.064	-0.0276	0.0084	0.0788	-0.0367	0.0088	0.1013	0.1013	0.0579	0.1013	0.0993	0.0993	0.0007	0.0016	-0.0413	0.002	-0.0408	0.0038	-0.0362	0.0207	-0.044	0.0599	-0.0036	-0.0098	-0.0126	-0.0041	-0.0148	-0.0435	-0.0473	0.0567	-0.0149	-0.0336	0.0061	0.0186	0.0429	-0.0259	-0.0252	0.0281	0.0299	0.0304	0.0304	0.0027
0.1561	-0.0153	-0.0072	-0.0072	-0.0212	-0.1001	0.146	-0.0742	-0.0507	0.0342	-0.1104	-0.098	0.0605	-0.0821	0.0385	-0.1143	-0.2089	0.0385	-0.2089	0.0385	0.1068	0.1264	-0.1227	0.0883	-0.1121	-0.193	0.0459	-0.2014	-0.1741	0.017	-0.0466	-0.2301	0.5053	0.4056	-0.3327	-0.1292	1.0	0.8807	-0.3003	-0.5158	-0.2785	-0.2737	0.8296	-0.5183	0.8532	-0.5158	0.3	-0.4039	-0.1964	0.3094	-0.1135	-0.3596	-0.2594	-0.1135	-0.1696	-0.2381	0.0897	0.262	0.1225	-0.1035	-0.1076	0.0649	0.0649	0.0695	-0.1183	-0.1158	-0.1158	-0.113	0.1118	0.0383	-0.1022	-0.1121	-0.1232	-0.0519	-0.0519	-0.0414	-0.0519	-0.0342	-0.0342	-0.0626	-0.0675	-0.0568	-0.0697	-0.0592	-0.0792	-0.0483	-0.1178	-0.0116	-0.0473	-0.0416	-0.0281	0.0221	-0.0334	-0.0587	-0.045	-0.0324	-0.0429	-0.0284	0.0264	-0.0417	-0.0648	0.0643	0.0908	0.0961	0.0632	0.1123	0.1053	0.1053	0.0724
0.1245	-0.0243	-0.032	-0.032	-0.0301	-0.0542	0.1038	-0.0423	-0.0625	0.0224	-0.0642	-0.0585	0.0281	-0.0455	0.0121	-0.0597	-0.1124	0.0121	-0.1124	0.0121	0.055	0.0703	-0.0432	0.0663	-0.0688	-0.0967	0.0048	-0.1101	-0.0897	0.0349	-0.0431	-0.3406	0.4669	0.4901	-0.1765	-0.1362	0.8807	1.0	-0.3358	-0.5517	-0.3057	-0.308	0.9436	-0.5548	0.9207	-0.5517	0.2281	-0.4566	-0.2361	0.3562	-0.1244	-0.3933	-0.2851	-0.1244	-0.1915	-0.2356	0.0394	0.2152	0.0749	-0.0634	-0.0671	0.061	0.061	0.0649	-0.0609	-0.075	-0.075	-0.0566	0.0677	0.0276	-0.0368	-0.1262	-0.1375	-0.042	-0.042	-0.0428	-0.042	-0.0142	-0.0142	-0.0685	-0.0727	-0.0706	-0.0747	-0.0726	-0.0828	-0.0622	-0.1317	-0.0225	-0.0411	-0.0474	-0.0295	0.0304	-0.0398	-0.0465	-0.0485	-0.0313	-0.0294	-0.0635	0.0474	0.0021	-0.0835	0.084	0.1045	0.1014	0.1222	0.1727	0.1663	0.1663	0.1341
-0.0311	-0.115	-0.0583	-0.0583	-0.1105	0.2511	-0.0986	-0.0533	-0.1764	-0.1823	0.1236	-0.0703	-0.1859	-0.0802	-0.1641	0.1474	0.3339	-0.1641	0.3339	-0.1641	-0.1031	-0.1294	0.1699	-0.1471	0.1436	0.3357	-0.1406	0.3329	0.2813	-0.14	-0.0298	-0.2371	-0.1326	0.2477	0.8075	-0.0552	-0.3003	-0.3358	1.0	-0.483	0.9303	0.9454	-0.3525	-0.4686	-0.3384	-0.4778	-0.4059	0.464	-0.1796	-0.2306	-0.0459	0.1477	-0.2506	-0.0459	0.5798	-0.2528	0.1356	-0.0059	-0.0354	0.1816	0.19	-0.1623	-0.1623	-0.1663	-0.077	0.1841	0.1841	-0.0808	-0.0746	-0.1118	-0.0799	0.0065	-0.0459	-0.0894	-0.0894	-0.085	-0.0894	-0.1055	-0.1055	-0.0222	-0.018	0.0246	-0.0209	0.0268	-0.0073	0.0574	0.0191	-0.0345	0.0515	-0.0038	-0.0474	-0.0864	-0.0005	-0.0508	-0.0443	-0.09	0.0576	-0.0182	-0.0455	-0.0482	0.0898	-0.0102	-0.0201	-0.0163	-0.056	-0.0603	-0.0583	-0.0583	-0.0529
-0.0825	0.1597	0.077	0.077	0.1615	-0.2121	-0.0088	0.0796	0.2068	0.1348	-0.0298	0.0617	0.1332	0.0606	0.129	-0.0489	-0.16	0.129	-0.16	0.129	0.0348	0.0383	-0.0524	0.0986	-0.0456	-0.1757	0.1142	-0.1503	-0.1526	0.115	-0.0064	0.4672	-0.2641	-0.6082	-0.5141	-0.0142	-0.5158	-0.5517	-0.483	1.0	-0.515	-0.525	-0.5833	0.9911	-0.5975	0.9956	0.0912	0.0033	0.3099	-0.0729	0.0091	0.2077	0.4417	0.0091	-0.2984	0.4446	-0.1828	-0.1436	-0.0196	-0.0972	-0.1013	0.0801	0.0801	0.0802	0.0879	-0.0976	-0.0976	0.0877	0.0258	0.0748	0.0725	0.1572	0.208	0.1087	0.1087	0.121	0.1087	0.0978	0.0978	0.1308	0.1221	0.087	0.1262	0.0869	0.1258	0.0554	0.14	0.0637	0.035	0.0789	0.1025	0.0549	0.0694	0.104	0.0635	0.0933	0.0193	0.0451	0.042	0.0504	0.0112	-0.0464	-0.0339	-0.0344	-0.0716	-0.0882	-0.0842	-0.0842	-0.0747
-0.0466	-0.1596	-0.0964	-0.0964	-0.1554	0.3184	-0.1109	-0.0433	-0.1823	-0.1774	0.1378	-0.0592	-0.1859	-0.0688	-0.1635	0.1589	0.3425	-0.1635	0.3425	-0.1635	-0.1262	-0.1435	0.178	-0.1391	0.1551	0.3444	-0.1407	0.3379	0.2975	-0.1481	-0.0199	-0.2649	-0.1266	0.2494	0.8216	-0.0743	-0.2785	-0.3057	0.9303	-0.515	1.0	0.9844	-0.3279	-0.516	-0.3241	-0.5097	-0.4099	0.5286	-0.1828	-0.2419	-0.037	0.1677	-0.2217	-0.037	0.5922	-0.2249	0.1664	-0.0393	-0.0776	0.1978	0.1959	-0.1496	-0.1496	-0.1534	-0.0574	0.19	0.19	-0.061	-0.0722	-0.0991	-0.0622	-0.0294	-0.0746	-0.0741	-0.0741	-0.0843	-0.0741	-0.0905	-0.0905	-0.0465	-0.0426	-0.0075	-0.0457	-0.0054	-0.0324	0.0283	-0.0037	-0.0701	0.0547	-0.0346	-0.0615	-0.0569	-0.031	-0.0576	-0.0676	-0.0954	0.0618	-0.0472	-0.0199	-0.0828	0.1128	-0.0036	-0.0157	-0.0121	-0.0568	-0.0627	-0.0608	-0.0608	-0.0582
-0.0445	-0.1502	-0.0835	-0.0835	-0.146	0.2973	-0.0996	-0.0467	-0.1725	-0.1754	0.1225	-0.0629	-0.182	-0.0727	-0.1598	0.1448	0.3239	-0.1598	0.3239	-0.1598	-0.1079	-0.1284	0.1651	-0.1382	0.139	0.3257	-0.1367	0.3189	0.2753	-0.1433	-0.0232	-0.2767	-0.1212	0.2591	0.828	-0.0762	-0.2737	-0.308	0.9454	-0.525	0.9844	1.0	-0.3303	-0.5103	-0.3154	-0.5197	-0.4118	0.5185	-0.1852	-0.2397	-0.04	0.1626	-0.2221	-0.04	0.585	-0.2247	0.1559	-0.024	-0.0555	0.1804	0.1888	-0.1503	-0.1503	-0.1542	-0.064	0.1828	0.1828	-0.0677	-0.0691	-0.0998	-0.0682	-0.0172	-0.0648	-0.0793	-0.0793	-0.0927	-0.0793	-0.0955	-0.0955	-0.0383	-0.0342	0.0034	-0.0373	0.0056	-0.0238	0.044	0.004	-0.0495	0.0472	-0.0203	-0.0513	-0.0633	-0.0168	-0.048	-0.0534	-0.0857	0.054	-0.0356	-0.0309	-0.071	0.0977	-0.0119	-0.0234	-0.0198	-0.0527	-0.0636	-0.0617	-0.0617	-0.0545
0.1344	-0.0495	-0.0155	-0.0155	-0.0555	-0.0494	0.1179	-0.0457	-0.0924	-0.0076	-0.0866	-0.0348	-0.002	-0.0229	-0.0182	-0.0805	-0.1047	-0.0182	-0.1047	-0.0182	0.0707	0.0828	-0.0628	0.0359	-0.0821	-0.089	-0.0253	-0.1138	-0.0767	0.0158	-0.0111	-0.2887	0.4214	0.4517	-0.1788	-0.0914	0.8296	0.9436	-0.3525	-0.5833	-0.3279	-0.3303	1.0	-0.5866	0.9657	-0.5833	0.2598	-0.4599	-0.2142	0.3359	-0.1105	-0.4051	-0.2917	-0.1105	-0.1999	-0.2474	0.0531	0.1849	0.0585	-0.0682	-0.0718	0.0687	0.0687	0.0725	-0.058	-0.0703	-0.0703	-0.0538	0.0643	0.026	-0.0427	-0.1452	-0.1532	-0.0359	-0.0359	-0.0436	-0.0359	-0.0084	-0.0084	-0.104	-0.0986	-0.0997	-0.1005	-0.1016	-0.1132	-0.1013	-0.1576	-0.0275	-0.0741	-0.0664	-0.0558	0.0139	-0.0589	-0.0582	-0.024	-0.0178	-0.0622	-0.0339	0.0043	0.0028	-0.1062	0.0676	0.0622	0.0589	0.1303	0.1612	0.1549	0.1549	0.1365
-0.0855	0.165	0.0814	0.0814	0.1669	-0.2191	-0.0117	0.0787	0.2172	0.1392	-0.0312	0.0605	0.1384	0.0594	0.1342	-0.05	-0.1659	0.1342	-0.1659	0.1342	0.0372	0.0396	-0.053	0.1025	-0.0472	-0.1816	0.1196	-0.1562	-0.1597	0.1207	-0.0076	0.4571	-0.2625	-0.597	-0.5017	-0.0152	-0.5183	-0.5548	-0.4686	0.9911	-0.516	-0.5103	-0.5866	1.0	-0.6059	0.9911	0.0887	0.0008	0.3107	-0.075	0.008	0.2065	0.4389	0.008	-0.296	0.4419	-0.1865	-0.1392	-0.0099	-0.102	-0.0976	0.0744	0.0744	0.0744	0.0859	-0.0938	-0.0938	0.0856	0.0208	0.0691	0.0706	0.1711	0.2209	0.1072	0.1072	0.1184	0.1072	0.0962	0.0962	0.1427	0.134	0.1	0.1382	0.0999	0.1378	0.0709	0.1519	0.0813	0.0328	0.0937	0.1108	0.0437	0.0841	0.1121	0.0813	0.1035	0.017	0.0605	0.0324	0.0621	1e-04	-0.0494	-0.0368	-0.0372	-0.0641	-0.0829	-0.0789	-0.0789	-0.0674
0.1409	-0.0262	-0.0259	-0.0259	-0.0319	-0.0512	0.1137	-0.0502	-0.0686	0.012	-0.0715	-0.0675	0.0209	-0.055	0.005	-0.0691	-0.113	0.005	-0.113	0.005	0.0692	0.082	-0.0824	0.0243	-0.0726	-0.0974	-0.0012	-0.1228	-0.0909	-0.0031	-0.0505	-0.2885	0.4184	0.4269	-0.175	-0.1406	0.8532	0.9207	-0.3384	-0.5975	-0.3241	-0.3154	0.9657	-0.6059	1.0	-0.6023	0.2402	-0.4783	-0.2321	0.36	-0.114	-0.4223	-0.3073	-0.114	-0.2035	-0.263	0.0558	0.1973	0.0599	-0.0588	-0.053	0.0596	0.0596	0.0633	-0.0668	-0.0608	-0.0608	-0.0628	0.0606	0.0178	-0.0509	-0.1541	-0.1796	-0.077	-0.077	-0.0702	-0.077	-0.0495	-0.0495	-0.1217	-0.1162	-0.0997	-0.118	-0.1016	-0.1304	-0.1015	-0.1703	-0.025	-0.1003	-0.0798	-0.068	0.0148	-0.0724	-0.0662	-0.0215	-0.015	-0.0884	-0.026	0.0028	0.0112	-0.1155	0.0565	0.0689	0.0658	0.1204	0.1506	0.1444	0.1444	0.1314
-0.0825	0.1548	0.077	0.077	0.1565	-0.2121	-0.0177	0.0935	0.2166	0.144	-0.0254	0.0742	0.138	0.0728	0.1339	-0.0447	-0.16	0.1339	-0.16	0.1339	0.026	0.0296	-0.0482	0.1031	-0.0412	-0.1757	0.1191	-0.1455	-0.1479	0.12	0.0096	0.4627	-0.2641	-0.6038	-0.5093	-0.0142	-0.5158	-0.5517	-0.4778	0.9956	-0.5097	-0.5197	-0.5833	0.9911	-0.6023	1.0	0.0912	0.0033	0.3099	-0.0729	0.0091	0.2032	0.437	0.0091	-0.2984	0.4397	-0.1828	-0.1436	-0.0131	-0.0972	-0.1013	0.0757	0.0757	0.0757	0.0879	-0.0976	-0.0976	0.0877	0.0209	0.0703	0.0725	0.1618	0.2125	0.1087	0.1087	0.121	0.1087	0.0978	0.0978	0.1308	0.1221	0.087	0.1262	0.0869	0.1258	0.0554	0.14	0.0637	0.035	0.0789	0.0979	0.0459	0.0694	0.0994	0.0635	0.0884	0.0193	0.0495	0.0361	0.0547	0.0112	-0.0464	-0.0339	-0.0344	-0.0716	-0.0882	-0.0842	-0.0842	-0.0747
0.0126	-0.099	0.072	0.072	-0.1049	-0.0509	0.1352	0.1182	-0.0363	-0.0059	-0.185	0.1432	-0.0251	0.1313	-0.0394	-0.1655	-0.149	-0.0394	-0.149	-0.0394	0.1352	0.0956	-0.1295	-0.0171	-0.1888	-0.145	-0.0226	-0.1552	-0.1074	-0.0421	0.0791	0.0951	0.1315	-0.0276	-0.442	0.0767	0.3	0.2281	-0.4059	0.0912	-0.4099	-0.4118	0.2598	0.0887	0.2402	0.0912	1.0	0.2019	0.6587	-0.4217	0.1189	0.2355	0.4361	0.1189	-0.303	0.3842	-0.0346	-0.0769	-0.1598	-0.3342	-0.3342	0.4618	0.4618	0.4663	0.172	-0.3355	-0.3355	0.1806	0.3495	0.4057	0.1417	0.0935	0.176	0.1693	0.1693	0.0575	0.1693	0.1892	0.1892	0.0748	0.0819	0.0008	0.0811	-0.0043	0.0573	0.0172	0.0469	0.0407	-0.1325	-0.0386	0.0244	0.1202	-0.0331	0.0461	0.0811	0.1405	-0.1496	0.0508	0.0023	0.0672	-0.1445	0.0162	0.0303	0.0368	0.0506	0.0677	0.0629	0.0629	0.0503
-0.1324	-0.1789	-0.0248	-0.0248	-0.1712	0.2394	-0.0871	0.1006	-0.1065	-0.1526	0.0526	0.1297	-0.1751	0.1188	-0.1665	0.0677	0.2441	-0.1665	0.2441	-0.1665	-0.1062	-0.1398	0.1007	-0.1201	0.0714	0.2407	-0.1278	0.2228	0.2673	-0.1663	0.0566	-0.0276	-0.1831	-0.1383	0.369	-0.0204	-0.4039	-0.4566	0.464	0.0033	0.5286	0.5185	-0.4599	0.0008	-0.4783	0.0033	0.2019	1.0	0.5421	-0.7816	-0.0793	0.5588	0.3559	-0.0793	0.3499	0.3608	0.0246	-0.2654	-0.2214	-0.0365	-0.0505	0.192	0.192	0.1888	0.173	-0.0458	-0.0458	0.1736	0.1342	0.2073	0.1132	0.1253	0.1869	0.1638	0.1638	0.0387	0.1638	0.1542	0.1542	0.108	0.1151	0.05	0.1141	0.0491	0.1108	0.0957	0.1269	-0.0254	0.0167	-0.0141	0.0157	0.0574	-0.0132	0.0301	-0.0161	0.022	-0.0022	-0.0093	0.0049	-0.0606	0.0507	-0.0242	-0.0512	-0.0453	-0.0343	-0.0589	-0.0599	-0.0599	-0.0467
