rs2294190	rs4653029	rs2075931	rs1883109	rs2038008	rs17385253	rs2142534	rs12098170	rs4653032	rs4653033	rs10799058	rs2075934	rs11578724	rs12134720	rs10489377	rs4653036	rs10799059	rs2075933	rs12035126	rs4653037	rs1016091	rs6425895	rs7544781	rs4653042	rs10799060	rs12409604	rs750882	rs798076	rs798075	rs10914956	rs11586990	rs10914958	rs41416648	rs798066	rs3856131	rs3905173	rs12047023	rs3845481	rs2359106	rs4652841	rs12027125	rs12566683	rs6694043	rs4652846	rs12038357	rs1539374	rs10493058	rs10914967	rs10737381	rs1418483	rs7539462	rs12136079	rs10799067	rs1342467	rs947671	rs6665029	rs6677231	rs6671294	rs7530276	rs12566354	rs10914983	rs12074036	rs12033008	rs12039962	rs1342476	rs6679913	rs6703587	rs10914986	rs728448	rs728447	rs10799073	rs12090691	rs1886340	rs4653061	rs4653062	rs10914991	rs12117895	rs1342475	rs2147384	rs7544557	rs6695510	rs716289	rs10753314	rs10799074	rs2359631	rs7547341	rs12059222	rs2093880	rs6425904	rs7548924	rs10914996	rs12132123	rs868501	rs612353	rs12036748	rs4652852	rs491000	rs506361	rs6425908	rs9787098	rs509788	rs12039039	rs12041637	rs9787040	rs10915010	rs4491030	rs10493062	rs912537	rs927656
1.0	-0.0607	-0.0788	-0.0746	-0.0512	-0.1079	0.1037	0.0215	-0.1092	-0.0973	-0.2008	0.0419	-0.1303	-0.0485	-0.0832	-0.1438	-0.0805	-0.1291	-0.0416	-0.086	0.1844	0.1896	-0.1008	-0.1204	-0.0812	-0.0301	-0.041	-0.0383	-0.0494	-0.0796	-0.0151	-0.0877	0.0948	0.2118	0.0831	0.1235	0.136	0.1342	0.0215	-0.1758	0.0245	0.0245	0.1474	-0.1797	0.0932	-0.1811	0.0896	0.0344	0.0175	-0.0685	0.0361	0.073	-0.0081	0.0361	0.0905	-0.0628	0.1075	0.0354	0.0468	-0.1211	-0.1223	0.1073	0.1073	0.1144	0.145	-0.1211	-0.1211	0.11	0.0252	0.1086	0.0964	-0.0402	0.1016	0.0985	0.0985	0.0743	0.1052	0.1034	0.1034	0.0635	0.0647	-0.0569	0.0635	-0.0345	0.0637	0.0518	-0.0319	0.0345	0.1046	0.1255	0.0917	-0.0229	0.1255	0.0843	0.0535	0.0247	0.1011	-0.018	-0.0282	0.0195	0.0315	0.0201	-0.0199	-0.0199	-0.0028	0.0007	0.0007	0.0007	-0.004
-0.0607	1.0	-0.3342	-0.3286	0.9679	-0.2724	-0.1096	-0.1171	0.4898	0.4774	0.1587	-0.1448	0.3319	-0.1613	0.0541	0.147	0.1154	0.3165	-0.1427	0.0463	-0.0477	-0.0479	-0.0859	0.3063	-0.0719	-0.1423	0.1033	-0.1495	0.0189	0.0629	0.1451	0.1982	-0.1362	-0.1536	-0.0496	0.1175	-0.1124	-0.1074	-0.0374	0.0075	-0.0688	-0.0688	-0.1067	-0.0247	-0.0594	-0.0265	0.0092	-0.1505	0.0629	0.024	0.0832	-0.0324	0.0487	0.0832	-0.1117	-0.0739	-0.0709	0.0489	-0.0514	-0.0145	-0.0165	0.0418	0.0418	0.0381	-0.0053	-0.0201	-0.0201	0.034	-0.0245	-0.0031	0.0033	-0.1285	-0.011	0.0315	0.0315	0.0198	0.027	0.0235	0.0286	-0.0265	-0.0299	-0.0944	-0.0317	-0.0995	-0.0318	-0.116	-0.0619	-0.0533	0.0088	-0.0092	-0.0147	-0.0089	-0.0092	0.0024	0.0003	-0.0179	0.0332	0.0109	-0.0015	0.0505	-0.0401	-0.0527	-0.0527	-0.0527	-0.0176	-0.049	-0.049	-0.049	-0.0375
-0.0788	-0.3342	1.0	0.9907	-0.3233	-0.3755	0.5597	-0.2382	-0.299	-0.2992	-0.1462	-0.0738	0.1002	-0.031	0.1663	-0.2822	-0.4188	0.0935	-0.4076	0.164	0.3117	0.3158	-0.2301	0.0785	-0.2203	-0.3884	0.1974	-0.3971	-0.4622	0.1757	-0.1355	-0.2988	0.2991	0.0327	0.0362	-0.0411	0.1586	0.1543	0.0137	-0.0287	0.0107	0.0107	0.1822	-0.0696	-0.0395	-0.0725	-0.0032	0.3463	0.0393	-0.1705	-0.1051	0.1868	0.0435	-0.1051	0.2057	0.2168	0.1256	-0.0914	0.0546	0.0388	0.0404	-0.0474	-0.0474	-0.0534	0.0123	0.0435	0.0435	-0.0385	0.0286	-0.019	-0.0483	0.086	0.0311	-0.0053	-0.0053	0.0129	-0.0145	-0.0158	-0.0158	0.0441	0.0426	0.1134	0.0441	0.0954	0.04	0.0368	0.0284	0.0752	0.0113	0.0409	-0.037	-0.1072	0.0409	-0.0815	0.035	-0.0249	-0.097	0.0674	-0.0097	0.0166	0.0855	0.1248	0.1049	0.1049	-0.1132	-0.0806	-0.0806	-0.0806	-0.1114
-0.0746	-0.3286	0.9907	1.0	-0.3177	-0.3917	0.5631	-0.2335	-0.2914	-0.2917	-0.1542	-0.0673	0.087	-0.0248	0.1472	-0.2912	-0.4132	0.0802	-0.4046	0.1454	0.3168	0.321	-0.2377	0.0614	-0.2278	-0.3806	0.1773	-0.3941	-0.4524	0.1575	-0.1379	-0.3017	0.3026	0.0396	0.0355	-0.0372	0.1604	0.1561	0.0181	-0.0393	0.015	0.015	0.1803	-0.0791	-0.042	-0.082	0.0065	0.3496	0.0497	-0.1823	-0.0948	0.1986	0.0538	-0.0948	0.2085	0.2167	0.1233	-0.0894	0.0485	0.0318	0.0335	-0.0381	-0.0381	-0.044	0.019	0.0365	0.0365	-0.0284	0.0254	-0.0107	-0.0377	0.0786	0.0366	-0.0025	-0.0025	0.0168	-0.012	-0.0132	-0.0132	0.0454	0.0439	0.111	0.0454	0.0893	0.0413	0.0304	0.0282	0.0797	0.014	0.0464	-0.0358	-0.112	0.0464	-0.0798	0.0402	-0.0271	-0.0912	0.0772	-0.0168	0.0285	0.0924	0.1277	0.1075	0.1075	-0.1166	-0.0836	-0.0836	-0.0836	-0.115
-0.0512	0.9679	-0.3233	-0.3177	1.0	-0.2839	-0.0942	-0.1429	0.4974	0.4852	0.1644	-0.168	0.3586	-0.1617	0.0877	0.153	0.0952	0.3435	-0.1626	0.0794	-0.0484	-0.0538	-0.0781	0.3318	-0.0644	-0.1625	0.1295	-0.1694	-0.0214	0.0952	0.1126	0.183	-0.1308	-0.1441	-0.0357	0.1285	-0.114	-0.1092	-0.0281	0.003	-0.0586	-0.0586	-0.1026	-0.034	-0.0613	-0.0358	0.0034	-0.1422	0.0583	0.0246	0.0696	-0.0327	0.034	0.0696	-0.1137	-0.0669	-0.0817	0.0701	-0.0526	-0.01	-0.0119	0.038	0.038	0.0343	-0.0235	-0.0155	-0.0155	0.0141	-0.0153	-0.0158	-0.0161	-0.1279	-0.0264	0.0166	0.0166	0.0048	0.0123	0.0087	0.0138	-0.0416	-0.0449	-0.0953	-0.0466	-0.0997	-0.0468	-0.1157	-0.0683	-0.0545	0.0038	-0.0091	-0.023	-0.0199	-0.0091	-0.0117	0.0073	-0.0303	0.0288	0.0176	-0.0082	0.0481	-0.0277	-0.0528	-0.0528	-0.0528	-0.0239	-0.0547	-0.0547	-0.0547	-0.0432
-0.1079	-0.2724	-0.3755	-0.3917	-0.2839	1.0	-0.3696	-0.2524	-0.3205	-0.316	0.3685	-0.2881	-0.2837	-0.2684	-0.2242	0.3893	0.5824	-0.291	0.7143	-0.2243	-0.2134	-0.2204	0.4464	-0.2749	0.4336	0.6893	-0.1629	0.7041	0.3586	-0.2344	-0.265	0.2341	-0.1924	-0.1326	-0.0879	-0.1809	-0.1445	-0.1414	-0.0477	0.179	-0.0436	-0.0436	-0.1614	0.2433	-0.0728	0.2503	-0.1368	-0.2027	-0.1056	0.178	-0.0263	-0.1777	-0.1029	-0.0263	-0.1072	-0.1086	-0.0066	-0.0703	-0.0429	0.1129	0.1152	-0.1045	-0.1045	-0.1005	-0.0794	0.1178	0.1178	-0.0074	-0.109	-0.091	0.0281	-0.008	-0.0051	0.0062	0.0062	0.0071	0.0074	0.0025	0.0025	0.001	0.0078	-0.0029	0.0054	-0.0053	0.0188	-0.0099	0.092	-0.002	-0.0655	-0.083	0.0189	0.132	-0.083	0.0731	-0.0405	0.0746	0.0045	-0.0077	0.0862	-0.0018	-0.1686	-0.0521	-0.0521	-0.0521	0.0595	0.0602	0.0602	0.0602	0.0735
0.1037	-0.1096	0.5597	0.5631	-0.0942	-0.3696	1.0	-0.2759	-0.4086	-0.4077	-0.5031	-0.2847	-0.0871	-0.2353	0.0378	-0.5049	-0.5564	-0.0884	-0.4823	0.0415	0.6889	0.6825	-0.3892	-0.1046	-0.3918	-0.4669	0.2001	-0.4861	-0.708	0.0364	-0.3297	-0.2532	0.3099	0.0004	-0.0015	-0.1135	0.2033	0.1987	0.0362	0.0283	0.0438	0.0438	0.1827	-0.0263	-0.0799	-0.0293	-0.1022	0.3576	-0.0424	-0.0904	-0.1819	0.1027	-0.0407	-0.1819	0.2182	0.1852	0.1036	0.0836	0.0646	-0.0356	-0.0389	0.0151	0.0151	0.0089	-0.0572	-0.0356	-0.0356	-0.1004	0.0327	-0.0661	-0.0984	0.1028	-0.0036	-0.0646	-0.0646	-0.0435	-0.0674	-0.0613	-0.0654	-0.0083	-0.0095	0.1144	-0.0083	0.1146	-0.0125	0.0687	-0.0093	0.0712	-0.0178	0.0164	-0.0617	-0.1111	0.0164	-0.09	0.0599	-0.0245	-0.104	0.1185	-0.063	0.0988	-0.0079	0.081	0.0621	0.0621	-0.1019	-0.0686	-0.0686	-0.0686	-0.0888
0.0215	-0.1171	-0.2382	-0.2335	-0.1429	-0.2524	-0.2759	1.0	0.4863	0.493	-0.3849	0.839	-0.1916	0.7124	-0.1584	-0.3375	-0.2211	-0.1604	-0.1959	-0.1362	-0.1387	-0.1294	-0.2789	-0.1673	-0.2828	-0.1906	-0.0908	-0.1929	0.3456	-0.1422	0.5592	0.0281	-0.0228	0.2226	-0.0338	0.0778	0.082	0.0798	-0.073	-0.1128	-0.0572	-0.0572	0.0607	-0.1038	0.1574	-0.1054	0.1534	-0.1104	0.0363	-0.0064	0.1262	0.0056	0.057	0.1262	-0.0727	-0.0741	-0.0069	0.0186	0.0599	-0.1063	-0.1079	0.0729	0.0729	0.0701	0.077	-0.1134	-0.1134	0.025	0.0556	0.0886	0.0369	0.0454	-0.0699	-0.0359	-0.0359	-0.057	-0.0273	-0.0172	-0.0172	-0.035	-0.0401	-0.0466	-0.0415	0.001	-0.0481	0.082	-0.0397	0.0141	-0.0082	0.0128	0.0022	-0.0117	0.0128	-0.0167	0.0297	-0.0129	-0.0055	-0.0181	-0.0722	-0.0434	0.0674	-0.0798	-0.0798	-0.0798	0.1265	0.1104	0.1104	0.1104	0.1311
-0.1092	0.4898	-0.299	-0.2914	0.4974	-0.3205	-0.4086	0.4863	1.0	0.9865	0.0883	0.3482	0.3635	0.3977	0.0455	0.1216	0.0972	0.3712	-0.2086	0.0663	-0.3962	-0.3973	-0.1332	0.3557	-0.1194	-0.2034	0.1122	-0.2032	0.2959	0.0723	0.4939	0.1054	-0.0877	0.0066	-0.0501	0.1656	-0.072	-0.075	-0.1114	-0.084	-0.12	-0.12	-0.0618	-0.087	0.04	-0.0893	0.1689	-0.1851	0.1413	-0.0398	0.1824	0.0346	0.1299	0.1824	-0.1605	-0.0481	-0.0299	-0.0635	0.0365	-0.0262	-0.0286	0.0111	0.0111	0.0065	0.0635	-0.0364	-0.0364	0.059	-0.0167	0.0529	0.0391	-0.0617	-0.0432	-0.0126	-0.0126	-0.0247	-0.0274	-0.0319	-0.0272	-0.0449	-0.0521	-0.0431	-0.0542	-0.0491	-0.0591	-0.0754	-0.0663	-0.0487	0.009	0.0098	0.0058	-0.0037	0.0098	-0.0056	0.0134	-0.0324	0.0424	-0.0234	-0.0253	-0.0435	0.0593	-0.0575	-0.0575	-0.0575	0.0643	0.0319	0.0319	0.0319	0.0459
-0.0973	0.4774	-0.2992	-0.2917	0.4852	-0.316	-0.4077	0.493	0.9865	1.0	0.079	0.3619	0.3487	0.4118	0.0292	0.103	0.0905	0.3564	-0.215	0.0503	-0.3909	-0.3872	-0.147	0.3416	-0.138	-0.2101	0.0985	-0.2097	0.2989	0.0564	0.5049	0.1019	-0.0979	0.0201	-0.0407	0.1781	-0.0764	-0.0794	-0.0895	-0.0982	-0.0975	-0.0975	-0.0714	-0.1004	0.0413	-0.1028	0.1775	-0.1865	0.1445	-0.0495	0.1945	0.0444	0.1331	0.1945	-0.1511	-0.0626	-0.0284	-0.0609	0.0373	-0.033	-0.0354	0.0172	0.0172	0.0127	0.0769	-0.0432	-0.0432	0.0724	-0.0206	0.0536	0.043	-0.0728	-0.0428	-0.0082	-0.0082	-0.0201	-0.0184	-0.0229	-0.0182	-0.0444	-0.0516	-0.0591	-0.0537	-0.0708	-0.0585	-0.0851	-0.0673	-0.0579	0.0171	0.0125	-0.0046	-0.0204	0.0125	-0.0156	0.0055	-0.0443	0.0439	-0.0322	-0.0271	-0.0351	0.063	-0.0567	-0.0567	-0.0567	0.057	0.0249	0.0249	0.0249	0.0386
-0.2008	0.1587	-0.1462	-0.1542	0.1644	0.3685	-0.5031	-0.3849	0.0883	0.079	1.0	-0.2627	0.501	-0.211	0.4056	0.8506	0.5644	0.4968	0.4576	0.3976	-0.7376	-0.7414	0.7007	0.4975	0.702	0.4342	0.2995	0.4588	0.3514	0.3865	-0.0351	0.2014	-0.2747	-0.2116	0.0423	0.0604	-0.2875	-0.2818	0.0217	0.0743	0.0143	0.0143	-0.2288	0.1154	-0.0261	0.1192	-0.0076	-0.268	0.028	0.0982	0.0822	-0.0968	0.0197	0.0822	-0.1922	-0.0762	-0.094	-0.1113	-0.1115	0.0555	0.0595	0.0053	0.0053	0.0087	0.0718	0.0599	0.0599	0.1346	-0.1216	0.061	0.171	-0.1266	0.1259	0.1983	0.1983	0.1828	0.1891	0.1727	0.1768	0.128	0.1327	-0.088	0.132	-0.1044	0.1406	-0.1474	0.1264	-0.0637	-0.0162	-0.0504	0.0752	0.1568	-0.0504	0.0981	-0.0641	0.0949	0.0189	-0.1351	0.1521	-0.1412	-0.0409	0.0519	0.0334	0.0334	0.0349	0.0366	0.0366	0.0366	0.0294
0.0419	-0.1448	-0.0738	-0.0673	-0.168	-0.2881	-0.2847	0.839	0.3482	0.3619	-0.2627	1.0	-0.2277	0.8896	-0.1703	-0.407	-0.2832	-0.2059	-0.2375	-0.151	-0.1755	-0.168	-0.3276	-0.2141	-0.3305	-0.2302	-0.1004	-0.2343	0.3889	-0.1578	0.6667	0.0805	-0.0534	0.279	-0.0553	0.1635	0.0378	0.0354	-0.065	-0.155	-0.0632	-0.0632	0.0136	-0.1554	0.1357	-0.1573	0.1942	-0.1605	0.1093	-0.0498	0.2106	0.0565	0.132	0.2106	-0.1066	-0.0895	-0.0501	-0.0018	0.0197	-0.1418	-0.1373	0.1255	0.1255	0.1224	0.157	-0.1418	-0.1418	0.1014	0.032	0.1444	0.099	-0.0065	-0.0243	0.0341	0.0341	0.0048	0.0439	0.0527	0.0527	0.0062	0.0078	-0.087	0.0062	-0.034	0.0003	0.0273	-0.0296	-0.036	0.0332	0.0249	-0.0015	-0.0305	0.0249	-0.0256	-0.0169	-0.0234	-0.004	-0.0407	-0.0666	-0.0339	0.1303	-0.0351	-0.0351	-0.0351	0.0704	0.061	0.061	0.061	0.0703
-0.1303	0.3319	0.1002	0.087	0.3586	-0.2837	-0.0871	-0.1916	0.3635	0.3487	0.501	-0.2277	1.0	-0.2037	0.7492	0.5163	-0.0547	0.9667	-0.3773	0.7452	-0.3978	-0.4	0.2384	0.9425	0.2573	-0.3717	0.5546	-0.3624	-0.2152	0.7426	0.1159	-0.0716	-0.0924	-0.0929	0.1743	0.2168	-0.116	-0.1194	0.0785	-0.1138	0.1064	0.1064	-0.0242	-0.1264	0.0911	-0.1291	0.1272	-0.032	0.1069	-0.077	0.0743	0.0873	0.1033	0.0743	-0.0278	0.0724	-0.0673	-0.0006	-0.0338	-0.0071	-0.0098	0.0339	0.0339	0.0336	0.0413	-0.0121	-0.0121	0.0313	0.0088	0.0718	0.048	-0.0695	0.0805	0.12	0.12	0.1228	0.117	0.1124	0.1124	0.0997	0.0978	-0.0213	0.0997	-0.0624	0.1001	-0.0758	0.0475	-0.0235	0.0184	0.025	0.0709	0.0527	0.025	0.0519	0.011	0.0374	0.0251	-0.0269	0.0797	-0.0392	0.0122	0.0512	0.0303	0.0303	-0.011	-0.0241	-0.0241	-0.0241	-0.0317
-0.0485	-0.1613	-0.031	-0.0248	-0.1617	-0.2684	-0.2353	0.7124	0.3977	0.4118	-0.211	0.8896	-0.2037	1.0	-0.1538	-0.3774	-0.2658	-0.1949	-0.2145	-0.133	-0.2743	-0.2719	-0.2931	-0.2014	-0.2966	-0.2087	-0.0973	-0.2115	0.3368	-0.1393	0.5804	0.0547	-0.0541	0.2635	-0.0215	0.1951	-0.0429	-0.0449	-0.0564	-0.1476	-0.0407	-0.0407	-0.0416	-0.1354	0.0784	-0.1371	0.1869	-0.1676	0.128	-0.0637	0.2351	0.07	0.1502	0.2351	-0.12	-0.0906	-0.0576	-0.0344	0.0297	-0.126	-0.1209	0.1052	0.1052	0.1024	0.158	-0.126	-0.126	0.1262	-0.024	0.1242	0.1213	-0.0015	-0.0387	0.0018	0.0018	-0.0223	0.0108	0.0141	0.0141	-0.0244	-0.0229	-0.0727	-0.0244	-0.0272	-0.0307	-0.0227	-0.0611	-0.084	0.0615	0.0304	-0.0264	-0.0696	0.0304	-0.0468	-0.0489	-0.0594	0.0147	-0.055	-0.0731	-0.059	0.1982	-0.0251	-0.0251	-0.0251	0.03	0.0151	0.0151	0.0151	0.0212
-0.0832	0.0541	0.1663	0.1472	0.0877	-0.2242	0.0378	-0.1584	0.0455	0.0292	0.4056	-0.1703	0.7492	-0.1538	1.0	0.4225	-0.3518	0.769	-0.2907	0.9833	-0.3344	-0.3342	0.5048	0.7455	0.5143	-0.2862	0.7524	-0.2811	-0.4488	0.9705	-0.2061	-0.1424	-0.0617	-0.0729	0.2181	0.0863	-0.0691	-0.0717	0.1468	-0.0321	0.1785	0.1785	0.0039	-0.0454	0.1208	-0.0474	0.002	0.0052	-0.0311	0.0176	-0.0586	-0.0098	-0.0354	-0.0586	0.0256	0.0603	-0.0633	0.0674	-0.0482	0.0291	0.0271	0.0046	0.0046	0.0061	-0.054	0.0291	0.0291	-0.0629	0.056	0.027	-0.0184	0.0013	0.0497	0.0774	0.0774	0.0675	0.0839	0.0803	0.0803	0.0697	0.0718	-0.0081	0.0749	-0.0061	0.0752	-0.0138	0.0728	-0.0154	0.0454	0.0429	0.0825	0.0454	0.0429	0.0655	1e-04	0.0426	0.0374	-0.0472	0.0636	-0.0754	0.0331	0.0874	0.0632	0.0632	-0.0025	0.0096	0.0096	0.0096	-0.0051
-0.1438	0.147	-0.2822	-0.2912	0.153	0.3893	-0.5049	-0.3375	0.1216	0.103	0.8506	-0.407	0.5163	-0.3774	0.4225	1.0	0.6937	0.5345	0.5705	0.4091	-0.7788	-0.7824	0.8205	0.5511	0.8178	0.5493	0.2942	0.5726	0.3789	0.4032	-0.1337	0.1644	-0.2396	-0.2588	0.046	-0.0354	-0.2395	-0.2339	0.0158	0.1495	0.0082	0.0082	-0.1843	0.185	0.0196	0.1889	-0.0544	-0.2223	-0.0599	0.1647	-0.037	-0.1757	-0.0778	-0.037	-0.1626	-0.0571	-0.0895	-0.0616	-0.1076	0.1193	0.119	-0.0574	-0.0574	-0.05	-0.017	0.1193	0.1193	0.0349	-0.0558	0.0133	0.0807	-0.1015	0.0577	0.1195	0.1195	0.1103	0.114	0.0977	0.0977	0.0642	0.0726	-0.0611	0.0721	-0.0809	0.0803	-0.1148	0.0927	-0.0422	-1e-04	-0.0287	0.113	0.1817	-0.0287	0.1358	-0.0521	0.0848	0.0944	-0.1467	0.1202	-0.1703	-0.0502	0.016	0.016	0.016	0.0509	0.0484	0.0484	0.0484	0.0455
-0.0805	0.1154	-0.4188	-0.4132	0.0952	0.5824	-0.5564	-0.2211	0.0972	0.0905	0.5644	-0.2832	-0.0547	-0.2658	-0.3518	0.6937	1.0	-0.0513	0.8223	-0.3524	-0.5363	-0.5401	0.4405	-0.0286	0.4427	0.7966	-0.2812	0.8169	0.7449	-0.3483	0.0296	0.2839	-0.1947	-0.2	-0.1192	-0.095	-0.189	-0.1811	-0.0958	0.1665	-0.1286	-0.1286	-0.1883	0.2148	-0.0707	0.2205	-0.0613	-0.2453	-0.0442	0.1597	0.0154	-0.1774	-0.0597	0.0154	-0.1949	-0.1167	-0.055	-0.1163	-0.0808	0.1002	0.1015	-0.0595	-0.0595	-0.053	0.0283	0.1002	0.1002	0.0918	-0.1014	-0.0046	0.1005	-0.1037	0.0215	0.062	0.062	0.061	0.0511	0.037	0.037	0.0125	0.0196	-0.0533	0.0166	-0.0762	0.0249	-0.1055	0.0398	-0.0288	-0.0352	-0.061	0.0502	0.147	-0.061	0.0877	-0.0506	0.0542	0.0663	-0.1185	0.074	-0.1135	-0.0714	-0.0506	-0.0316	-0.0316	0.0585	0.0464	0.0464	0.0464	0.0546
-0.1291	0.3165	0.0935	0.0802	0.3435	-0.291	-0.0884	-0.1604	0.3712	0.3564	0.4968	-0.2059	0.9667	-0.1949	0.769	0.5345	-0.0513	1.0	-0.3695	0.7822	-0.4274	-0.4341	0.2654	0.9599	0.2797	-0.3638	0.5922	-0.3544	-0.2016	0.762	0.1237	-0.064	-0.1028	-0.0935	0.1758	0.225	-0.1207	-0.124	0.0796	-0.1096	0.1075	0.1075	-0.0339	-0.131	0.0925	-0.1337	0.1229	-0.0443	0.1107	-0.0775	0.0772	0.0785	0.1023	0.0772	-0.0386	0.066	-0.0829	-0.0045	-0.0544	-0.009	-0.0117	0.0399	0.0399	0.0396	0.0651	-0.014	-0.014	0.0352	0.0049	0.0822	0.0661	-0.0565	0.1078	0.1378	0.1378	0.1448	0.1393	0.1302	0.1302	0.1224	0.1251	-0.0029	0.1269	-0.0501	0.1274	-0.0532	0.0462	-0.002	-0.0085	0.0116	0.0794	0.0791	0.0116	0.0559	0.0301	0.0557	0.0046	-0.0356	0.0778	-0.041	-0.0021	0.0517	0.0308	0.0308	0.0115	-0.0018	-0.0018	-0.0018	-0.009
-0.0416	-0.1427	-0.4076	-0.4046	-0.1626	0.7143	-0.4823	-0.1959	-0.2086	-0.215	0.4576	-0.2375	-0.3773	-0.2145	-0.2907	0.5705	0.8223	-0.3695	1.0	-0.3012	-0.4472	-0.4492	0.6409	-0.3407	0.6328	0.9703	-0.2428	0.9875	0.6285	-0.305	-0.2513	0.2523	-0.17	-0.1861	-0.1112	-0.2358	-0.1528	-0.1432	-0.0585	0.2568	-0.0945	-0.0945	-0.1752	0.3188	-0.0742	0.3259	-0.186	-0.2204	-0.1779	0.2557	-0.1022	-0.2738	-0.19	-0.1022	-0.1469	-0.1418	-0.0329	-0.0784	-0.0759	0.1441	0.1463	-0.1059	-0.1059	-0.0972	-0.0773	0.1489	0.1489	0.0121	-0.0752	-0.0641	0.0381	-0.0565	-0.0276	0.0066	0.0066	-0.0059	-0.0011	-0.0105	-0.0105	-0.0347	-0.0279	-0.0547	-0.0303	-0.0394	-0.0215	-0.064	0.0607	-0.0434	0.001	-0.0489	0.0425	0.124	-0.0489	0.0918	-0.0856	0.0418	0.0902	-0.1358	0.0594	-0.1497	-0.0465	-0.032	-0.0114	-0.0114	0.0469	0.0572	0.0572	0.0572	0.0609
-0.086	0.0463	0.164	0.1454	0.0794	-0.2243	0.0415	-0.1362	0.0663	0.0503	0.3976	-0.151	0.7452	-0.133	0.9833	0.4091	-0.3524	0.7822	-0.3012	1.0	-0.3343	-0.3395	0.4981	0.7408	0.5023	-0.2967	0.7512	-0.2918	-0.4466	0.9672	-0.1922	-0.1482	-0.0673	-0.0699	0.2344	0.1002	-0.0742	-0.0768	0.1519	-0.0408	0.1834	0.1834	0.0101	-0.0546	0.1321	-0.0567	0.0062	0.0015	-0.0277	0.0137	-0.0561	-0.0059	-0.0316	-0.0561	0.0258	0.063	-0.0667	0.0658	-0.0509	0.0238	0.0218	0.0108	0.0108	0.0122	-0.0516	0.0238	0.0238	-0.0643	0.0546	0.0339	-0.0104	-0.002	0.0583	0.0879	0.0879	0.077	0.0945	0.0909	0.0909	0.0779	0.08	-0.0125	0.0831	-0.0096	0.0834	-0.0169	0.0759	-0.0188	0.0373	0.0452	0.0892	0.0518	0.0452	0.0717	0.016	0.0594	0.0226	-0.0421	0.0633	-0.0735	0.0296	0.0843	0.0604	0.0604	-0.0072	0.0047	0.0047	0.0047	-0.0094
0.1844	-0.0477	0.3117	0.3168	-0.0484	-0.2134	0.6889	-0.1387	-0.3962	-0.3909	-0.7376	-0.1755	-0.3978	-0.2743	-0.3344	-0.7788	-0.5363	-0.4274	-0.4472	-0.3343	1.0	0.9936	-0.6573	-0.4402	-0.648	-0.4291	-0.239	-0.4515	-0.6272	-0.3239	-0.2618	-0.2034	0.2836	0.0938	-0.0375	-0.0951	0.2756	0.2711	0.023	-0.0543	0.0206	0.0206	0.2183	-0.099	-0.0772	-0.1019	-0.0752	0.339	-0.0242	-0.126	-0.1169	0.1375	-0.0203	-0.1169	0.247	0.1153	0.1263	0.0855	0.0943	-0.0396	-0.0427	-0.0076	-0.0076	-0.0134	-0.0818	-0.0396	-0.0396	-0.1132	0.0615	-0.0989	-0.1617	0.1086	-0.0382	-0.1265	-0.1265	-0.1045	-0.1269	-0.112	-0.112	-0.0544	-0.0641	0.1066	-0.0626	0.1043	-0.067	0.1267	-0.0627	0.1018	-0.0421	0.0098	-0.0974	-0.1396	0.0098	-0.1074	0.0892	-0.043	-0.1118	0.1939	-0.0756	0.2179	-0.0764	0.0009	0.0009	0.0009	-0.0765	-0.0638	-0.0638	-0.0638	-0.0651
0.1896	-0.0479	0.3158	0.321	-0.0538	-0.2204	0.6825	-0.1294	-0.3973	-0.3872	-0.7414	-0.168	-0.4	-0.2719	-0.3342	-0.7824	-0.5401	-0.4341	-0.4492	-0.3395	0.9936	1.0	-0.6589	-0.4424	-0.6497	-0.4309	-0.243	-0.4534	-0.6217	-0.3239	-0.2528	-0.2095	0.289	0.0992	-0.0351	-0.1	0.2819	0.2774	0.029	-0.0573	0.0267	0.0267	0.2228	-0.1026	-0.0664	-0.1056	-0.0676	0.3445	-0.026	-0.1244	-0.12	0.136	-0.022	-0.12	0.2469	0.118	0.1302	0.096	0.0913	-0.0434	-0.0465	-0.0026	-0.0026	-0.0084	-0.0851	-0.0434	-0.0434	-0.1192	0.0776	-0.0928	-0.1681	0.1058	-0.0429	-0.1293	-0.1293	-0.108	-0.1295	-0.1147	-0.1147	-0.0591	-0.0688	0.1028	-0.0673	0.1013	-0.0717	0.1238	-0.0591	0.0987	-0.0373	0.0121	-0.0993	-0.1447	0.0121	-0.1097	0.0855	-0.0518	-0.1027	0.1869	-0.0793	0.2136	-0.0745	-0.0005	-0.0005	-0.0005	-0.0756	-0.0631	-0.0631	-0.0631	-0.0641
-0.1008	-0.0859	-0.2301	-0.2377	-0.0781	0.4464	-0.3892	-0.2789	-0.1332	-0.147	0.7007	-0.3276	0.2384	-0.2931	0.5048	0.8205	0.4405	0.2654	0.6409	0.4981	-0.6573	-0.6589	1.0	0.26	0.9795	0.6533	0.3684	0.6366	0.1961	0.4899	-0.4242	0.1027	-0.2003	-0.2176	0.0754	-0.1656	-0.1846	-0.1779	0.0612	0.2081	0.053	0.053	-0.1436	0.2544	0.0484	0.2593	-0.155	-0.1891	-0.1614	0.2207	-0.1266	-0.2268	-0.1713	-0.1266	-0.1005	-0.0665	-0.0549	-0.0226	-0.0955	0.1295	0.13	-0.0745	-0.0745	-0.0655	-0.0998	0.1339	0.1339	-0.0255	-0.0286	-0.0238	0.0366	-0.0495	0.0216	0.0816	0.0816	0.0546	0.0796	0.0684	0.0684	0.0306	0.0384	-0.07	0.0387	-0.0396	0.0428	-0.0679	0.1186	-0.0687	0.0378	-0.0089	0.114	0.1604	-0.0089	0.1457	-0.0765	0.0827	0.1123	-0.1377	0.1188	-0.187	-0.0417	0.0389	0.0389	0.0389	0.0477	0.0664	0.0664	0.0664	0.0584
-0.1204	0.3063	0.0785	0.0614	0.3318	-0.2749	-0.1046	-0.1673	0.3557	0.3416	0.4975	-0.2141	0.9425	-0.2014	0.7455	0.5511	-0.0286	0.9599	-0.3407	0.7408	-0.4402	-0.4424	0.26	1.0	0.274	-0.3682	0.5757	-0.3258	-0.1848	0.7597	0.1364	-0.0861	-0.0872	-0.1005	0.1774	0.223	-0.1074	-0.1108	0.0815	-0.1004	0.1087	0.1087	-0.0251	-0.1247	0.1169	-0.1274	0.1493	-0.0383	0.0855	-0.0419	0.048	0.0477	0.0828	0.048	-0.043	0.0666	-0.0714	0.0092	-0.0441	0.0053	0.0026	0.0219	0.0219	0.0213	0.0498	0.0006	0.0006	0.0127	0.0184	0.071	0.0448	-0.0659	0.1049	0.1329	0.1329	0.1449	0.135	0.1261	0.1261	0.1185	0.1212	-0.003	0.1228	-0.061	0.119	-0.0632	0.0422	0.0046	0.0041	0.0238	0.086	0.0744	0.0238	0.0608	0.0298	0.0563	0.0118	-0.0325	0.0835	-0.0351	-0.0028	0.0432	0.0232	0.0232	0.0019	-0.0114	-0.0114	-0.0114	-0.017
-0.0812	-0.0719	-0.2203	-0.2278	-0.0644	0.4336	-0.3918	-0.2828	-0.1194	-0.138	0.702	-0.3305	0.2573	-0.2966	0.5143	0.8178	0.4427	0.2797	0.6328	0.5023	-0.648	-0.6497	0.9795	0.274	1.0	0.6586	0.3781	0.642	0.1882	0.5097	-0.4251	0.093	-0.1915	-0.2065	0.0849	-0.1553	-0.1756	-0.169	0.0721	0.1951	0.0641	0.0641	-0.1346	0.2423	0.0581	0.2472	-0.1506	-0.2023	-0.1755	0.2365	-0.1261	-0.2428	-0.1857	-0.1261	-0.1142	-0.078	-0.0829	-0.0024	-0.1035	0.1174	0.1179	-0.0595	-0.0595	-0.0504	-0.1038	0.1218	0.1218	-0.0229	-0.0084	-0.0094	0.0354	-0.0479	0.0301	0.085	0.085	0.0584	0.0829	0.0717	0.0717	0.0392	0.0469	-0.06	0.0472	-0.0378	0.0514	-0.0662	0.1291	-0.0669	0.0625	0.015	0.1376	0.1586	0.015	0.1653	-0.0742	0.093	0.1286	-0.1434	0.1286	-0.173	-0.0225	0.0586	0.0586	0.0586	0.0531	0.0762	0.0762	0.0762	0.0637
-0.0301	-0.1423	-0.3884	-0.3806	-0.1625	0.6893	-0.4669	-0.1906	-0.2034	-0.2101	0.4342	-0.2302	-0.3717	-0.2087	-0.2862	0.5493	0.7966	-0.3638	0.9703	-0.2967	-0.4291	-0.4309	0.6533	-0.3682	0.6586	1.0	-0.2452	0.9773	0.6085	-0.3002	-0.2924	0.2547	-0.1725	-0.1767	-0.1196	-0.2579	-0.1504	-0.1405	-0.0584	0.2577	-0.0952	-0.0952	-0.1749	0.3239	-0.0773	0.3312	-0.1914	-0.222	-0.157	0.2326	-0.0854	-0.2513	-0.1699	-0.0854	-0.1429	-0.1365	-0.0375	-0.0762	-0.078	0.113	0.1154	-0.0757	-0.0757	-0.0666	-0.064	0.1179	0.1179	0.0371	-0.0731	-0.041	0.0603	-0.0482	-0.0166	0.0164	0.0164	-0.0029	0.008	-0.0014	-0.0014	-0.0236	-0.0168	-0.0509	-0.0191	-0.0298	-0.0102	-0.0555	0.0822	-0.0542	0.0167	-0.039	0.0679	0.1402	-0.039	0.1153	-0.0921	0.0549	0.1087	-0.1251	0.0811	-0.1366	-0.0538	-0.0064	0.0146	0.0146	0.068	0.0836	0.0836	0.0836	0.0816
-0.041	0.1033	0.1974	0.1773	0.1295	-0.1629	0.2001	-0.0908	0.1122	0.0985	0.2995	-0.1004	0.5546	-0.0973	0.7524	0.2942	-0.2812	0.5922	-0.2428	0.7512	-0.239	-0.243	0.3684	0.5757	0.3781	-0.2452	1.0	-0.2401	-0.3577	0.7445	-0.1503	-0.0152	0.0277	-0.0561	-0.0213	-0.0036	0.0057	0.0036	0.0056	0.0025	0.0233	0.0233	-0.0026	-0.0186	0.1013	-0.0201	0.0595	-0.0596	0.0272	0.0159	-0.0041	-0.01	0.0213	-0.0041	-0.0731	0.0766	-0.0498	-0.0198	-0.0387	0.0321	0.0305	-0.0025	-0.0025	-0.0056	-0.0297	0.0321	0.0321	-0.0175	-0.035	0.0078	0.0333	0.0051	0.064	0.0948	0.0948	0.0889	0.0911	0.0884	0.0884	0.0846	0.0862	0.0071	0.0846	0.0109	0.085	-0.0164	0.1145	-0.0065	0.029	0.0275	0.1175	0.1062	0.0275	0.1097	0.0093	0.0892	0.0476	-0.0705	0.0828	-0.0942	0.0181	0.0958	0.0664	0.0664	0.0518	0.0707	0.0707	0.0707	0.0494
-0.0383	-0.1495	-0.3971	-0.3941	-0.1694	0.7041	-0.4861	-0.1929	-0.2032	-0.2097	0.4588	-0.2343	-0.3624	-0.2115	-0.2811	0.5726	0.8169	-0.3544	0.9875	-0.2918	-0.4515	-0.4534	0.6366	-0.3258	0.642	0.9773	-0.2401	1.0	0.6255	-0.2956	-0.252	0.2514	-0.172	-0.1849	-0.1149	-0.2372	-0.1553	-0.1455	-0.0557	0.2535	-0.0921	-0.0921	-0.1764	0.3171	-0.0707	0.3243	-0.1825	-0.2242	-0.1729	0.2567	-0.0996	-0.275	-0.1853	-0.0996	-0.1552	-0.1384	-0.0546	-0.0726	-0.0844	0.13	0.1323	-0.0889	-0.0889	-0.0801	-0.069	0.1349	0.1349	0.0239	-0.0694	-0.0476	0.0504	-0.0543	-0.0137	0.0145	0.0145	0.0025	0.0066	-0.0028	-0.0028	-0.0208	-0.014	-0.0427	-0.0163	-0.0367	-0.0074	-0.0617	0.0809	-0.0406	0.0074	-0.0414	0.0636	0.1372	-0.0414	0.1092	-0.0826	0.0568	0.0961	-0.1354	0.0786	-0.1371	-0.0488	-0.01	0.0108	0.0108	0.0612	0.0763	0.0763	0.0763	0.0751
-0.0494	0.0189	-0.4622	-0.4524	-0.0214	0.3586	-0.708	0.3456	0.2959	0.2989	0.3514	0.3889	-0.2152	0.3368	-0.4488	0.3789	0.7449	-0.2016	0.6285	-0.4466	-0.6272	-0.6217	0.1961	-0.1848	0.1882	0.6085	-0.3577	0.6255	1.0	-0.4574	0.4968	0.3371	-0.2399	-0.021	-0.1457	0.0227	-0.1739	-0.1679	-0.1276	0.0682	-0.1577	-0.1577	-0.1932	0.1143	-0.0045	0.1185	0.0717	-0.3226	0.0433	0.1043	0.1481	-0.1249	0.0396	0.1481	-0.2429	-0.1588	-0.0719	-0.1187	-0.0647	0.0141	0.0184	0.0106	0.0106	0.0148	0.1103	0.0141	0.0141	0.1401	-0.0655	0.0845	0.1512	-0.1043	0.0004	0.0748	0.0748	0.0582	0.0709	0.0632	0.0632	0.0123	0.0202	-0.1025	0.0162	-0.0964	0.0242	-0.0739	0.0267	-0.052	-0.0013	-0.042	0.0433	0.1158	-0.042	0.0633	-0.0757	0.0233	0.0742	-0.1466	0.0223	-0.1451	0.0189	-0.0725	-0.0541	-0.0541	0.0953	0.0774	0.0774	0.0774	0.0914
-0.0796	0.0629	0.1757	0.1575	0.0952	-0.2344	0.0364	-0.1422	0.0723	0.0564	0.3865	-0.1578	0.7426	-0.1393	0.9705	0.4032	-0.3483	0.762	-0.305	0.9672	-0.3239	-0.3239	0.4899	0.7597	0.5097	-0.3002	0.7445	-0.2956	-0.4574	1.0	-0.2071	-0.181	-0.0405	-0.0616	0.2499	0.0997	-0.0449	-0.0477	0.1565	-0.0543	0.188	0.188	0.0404	-0.069	0.1692	-0.071	0.0304	0.0003	-0.0499	0.0365	-0.0685	-0.0235	-0.0483	-0.0685	0.024	0.0552	-0.0528	0.0896	-0.0427	0.0153	0.0132	0.0154	0.0154	0.0167	-0.053	0.0153	0.0153	-0.0705	0.0785	0.0396	-0.0232	-0.0062	0.0567	0.0837	0.0837	0.0768	0.0905	0.0868	0.0868	0.076	0.078	-0.0088	0.0811	-0.0141	0.0763	-0.0211	0.0703	-0.0233	0.06	0.0628	0.0971	0.0423	0.0628	0.0787	0.01	0.0555	0.0399	-0.0338	0.0764	-0.0533	0.0322	0.1047	0.0811	0.0811	-0.0095	0.0075	0.0075	0.0075	-0.0115
-0.0151	0.1451	-0.1355	-0.1379	0.1126	-0.265	-0.3297	0.5592	0.4939	0.5049	-0.0351	0.6667	0.1159	0.5804	-0.2061	-0.1337	0.0296	0.1237	-0.2513	-0.1922	-0.2618	-0.2528	-0.4242	0.1364	-0.4251	-0.2924	-0.1503	-0.252	0.4968	-0.2071	1.0	0.2012	-0.1372	0.1614	-0.1061	0.3222	-0.0652	-0.0681	-0.1138	-0.2424	-0.1014	-0.1014	-0.0586	-0.2498	0.0953	-0.2523	0.3146	-0.2214	0.2576	-0.1244	0.3358	0.1332	0.2707	0.3358	-0.1877	-0.0687	-0.1218	-0.0279	-0.0685	-0.1231	-0.1202	0.1436	0.1436	0.1396	0.2044	-0.1284	-0.1284	0.1498	0.0203	0.1806	0.1419	-0.0576	0.0083	0.0514	0.0514	0.0571	0.0593	0.0601	0.0601	0.0308	0.0329	-0.0541	0.0308	-0.0776	0.0309	-0.0238	-0.0591	-0.0183	-0.0153	-0.015	-0.0445	-0.0414	-0.015	-0.0711	-0.0074	-0.048	-0.0403	-0.0637	-0.0733	0.0063	0.0823	-0.0491	-0.0491	-0.0491	0.0176	-0.0092	-0.0092	-0.0092	0.0021
-0.0877	0.1982	-0.2988	-0.3017	0.183	0.2341	-0.2532	0.0281	0.1054	0.1019	0.2014	0.0805	-0.0716	0.0547	-0.1424	0.1644	0.2839	-0.064	0.2523	-0.1482	-0.2034	-0.2095	0.1027	-0.0861	0.093	0.2547	-0.0152	0.2514	0.3371	-0.181	0.2012	1.0	-0.7158	-0.3322	-0.4628	0.0852	-0.5458	-0.5412	-0.3109	0.2568	-0.3249	-0.3249	-0.6137	0.293	-0.3435	0.2915	0.054	-0.5392	0.2644	0.088	0.3486	-0.075	0.2637	0.3486	-0.4861	-0.0996	-0.3026	-0.1991	-0.2197	-0.016	-0.0132	0.103	0.103	0.1037	0.1982	-0.016	-0.016	0.2634	-0.1965	0.0555	0.2382	-0.0777	0.0236	0.0581	0.0581	0.0694	0.0524	0.0483	0.0529	0.0355	0.0422	-0.0231	0.0401	-0.0514	0.0494	-0.0555	0.044	-0.1019	-0.0975	-0.1796	-0.09	0.0807	-0.1796	-0.0521	-0.1299	-0.0056	-0.0797	-0.1668	0.0143	-0.0679	-0.0164	0.0325	0.0537	0.0537	0.0429	0.0558	0.0558	0.0558	0.0392
0.0948	-0.1362	0.2991	0.3026	-0.1308	-0.1924	0.3099	-0.0228	-0.0877	-0.0979	-0.2747	-0.0534	-0.0924	-0.0541	-0.0617	-0.2396	-0.1947	-0.1028	-0.17	-0.0673	0.2836	0.289	-0.2003	-0.0872	-0.1915	-0.1725	0.0277	-0.172	-0.2399	-0.0405	-0.1372	-0.7158	1.0	0.3578	-0.1652	-0.3012	0.7798	0.7759	-0.1197	-0.1962	-0.107	-0.107	0.6565	-0.2341	0.2858	-0.2308	-0.0164	0.4173	-0.1487	-0.058	-0.2361	0.0595	-0.135	-0.2361	0.2589	0.1818	0.2108	0.1704	0.1916	-0.0845	-0.0864	0.0024	0.0024	0.0045	-0.1584	-0.0845	-0.0845	-0.1678	0.1729	0.0265	-0.1201	0.1046	-0.0004	-0.0417	-0.0417	-0.0355	-0.048	-0.0406	-0.046	0.0053	-0.0038	0.0758	-0.0055	0.081	-0.0109	0.0561	0.0229	0.1535	0.075	0.1446	0.0825	-0.0568	0.1446	0.0495	0.1171	0.0288	0.04	0.1234	-0.0163	0.0443	0.008	-0.0687	-0.0687	-0.0687	-0.0291	-0.0378	-0.0378	-0.0378	-0.0164
0.2118	-0.1536	0.0327	0.0396	-0.1441	-0.1326	0.0004	0.2226	0.0066	0.0201	-0.2116	0.279	-0.0929	0.2635	-0.0729	-0.2588	-0.2	-0.0935	-0.1861	-0.0699	0.0938	0.0992	-0.2176	-0.1005	-0.2065	-0.1767	-0.0561	-0.1849	-0.021	-0.0616	0.1614	-0.3322	0.3578	1.0	0.0884	0.213	0.4725	0.4724	0.198	-0.6019	0.2384	0.2384	0.358	-0.5385	0.165	-0.5351	0.1468	0.0936	0.0892	-0.2919	0.2536	0.2989	0.0944	0.2536	0.2489	-0.1823	0.0823	-0.0007	0.0527	-0.0621	-0.066	0.0473	0.0473	0.0442	0.0775	-0.0665	-0.0665	0.1037	-0.061	0.0772	0.0994	-0.0377	0.081	0.1169	0.1169	0.1044	0.1184	0.1197	0.1197	0.0901	0.0897	-0.0456	0.086	-0.0366	0.0824	0.0021	-0.028	0.0085	0.1423	0.1198	-0.0035	-0.1362	0.1198	-0.0132	-0.0284	-0.0605	0.067	0.0217	-0.0295	0.0309	0.2032	-0.0294	-0.0481	-0.0481	-0.0984	-0.1163	-0.1163	-0.1163	-0.1026
0.0831	-0.0496	0.0362	0.0355	-0.0357	-0.0879	-0.0015	-0.0338	-0.0501	-0.0407	0.0423	-0.0553	0.1743	-0.0215	0.2181	0.046	-0.1192	0.1758	-0.1112	0.2344	-0.0375	-0.0351	0.0754	0.1774	0.0849	-0.1196	-0.0213	-0.1149	-0.1457	0.2499	-0.1061	-0.4628	-0.1652	0.0884	1.0	0.3386	-0.1538	-0.1555	0.6823	-0.2074	0.6605	0.6605	0.1292	-0.2205	0.1746	-0.2223	-0.0599	0.2863	-0.2074	-0.068	-0.2315	0.054	-0.2377	-0.2315	0.3857	-0.0326	0.1326	0.0892	0.0642	0.1063	0.1048	-0.1248	-0.1248	-0.128	-0.0747	0.1063	0.1063	-0.1769	0.1087	-0.0769	-0.1822	0.0146	0.0027	-0.005	-0.005	-0.0255	0.0099	0.0072	0.0072	-0.0209	-0.0195	-0.0285	-0.0144	0.0215	-0.0209	0.0551	-0.0722	-0.0108	0.0429	0.0857	0.0388	-0.0382	0.0857	0.0204	0.0736	0.0011	0.0336	0.0722	0.0244	0.0545	0.0316	0.0127	-0.0173	-0.0173	-0.0155	-0.0297	-0.0297	-0.0297	-0.0262
0.1235	0.1175	-0.0411	-0.0372	0.1285	-0.1809	-0.1135	0.0778	0.1656	0.1781	0.0604	0.1635	0.2168	0.1951	0.0863	-0.0354	-0.095	0.225	-0.2358	0.1002	-0.0951	-0.1	-0.1656	0.223	-0.1553	-0.2579	-0.0036	-0.2372	0.0227	0.0997	0.3222	0.0852	-0.3012	0.213	0.3386	1.0	-0.3007	-0.2985	0.2098	-0.6484	0.1848	0.1848	-0.1488	-0.6909	-0.0098	-0.6911	0.5273	-0.1925	0.5295	-0.4903	0.6456	0.474	0.4955	0.6456	-0.0384	-0.1905	-0.1147	-0.091	-0.1255	-0.1817	-0.1852	0.2329	0.2329	0.2271	0.3537	-0.1909	-0.1909	0.3474	-0.07	0.2509	0.2788	-0.0972	0.1513	0.1821	0.1821	0.1615	0.1967	0.1912	0.1912	0.1163	0.1196	-0.1136	0.1205	-0.091	0.1168	-0.0303	-0.0958	-0.0703	0.0335	0.0243	-0.0712	-0.1216	0.0243	-0.0961	-0.0057	-0.1258	0.0287	-0.0401	-0.072	0.0804	0.1451	0.0245	0.0051	0.0051	-0.0484	-0.0687	-0.0687	-0.0687	-0.0711
0.136	-0.1124	0.1586	0.1604	-0.114	-0.1445	0.2033	0.082	-0.072	-0.0764	-0.2875	0.0378	-0.116	-0.0429	-0.0691	-0.2395	-0.189	-0.1207	-0.1528	-0.0742	0.2756	0.2819	-0.1846	-0.1074	-0.1756	-0.1504	0.0057	-0.1553	-0.1739	-0.0449	-0.0652	-0.5458	0.7798	0.4725	-0.1538	-0.3007	1.0	0.9959	-0.1054	-0.3619	-0.1046	-0.1046	0.8548	-0.3921	0.4904	-0.3888	-0.0524	0.2755	-0.2911	0.0528	-0.214	-0.0346	-0.2741	-0.214	0.3189	-0.0834	0.226	0.276	0.1807	-0.1252	-0.127	0.0517	0.0517	0.0544	-0.1229	-0.1252	-0.1252	-0.1395	0.1778	0.0472	-0.104	0.0054	-0.0879	-0.0574	-0.0574	-0.0739	-0.0594	-0.0512	-0.0512	-0.0636	-0.0736	-0.0358	-0.0751	-0.0087	-0.0869	-0.0182	-0.0541	0.0259	0.0465	0.0548	0.0309	-0.0219	0.0548	0.0122	0.0125	-0.0161	0.0461	0.085	-0.0089	0.0364	-0.0504	-0.0362	-0.0629	-0.0629	0.0263	0.0236	0.0236	0.0236	0.0388
0.1342	-0.1074	0.1543	0.1561	-0.1092	-0.1414	0.1987	0.0798	-0.075	-0.0794	-0.2818	0.0354	-0.1194	-0.0449	-0.0717	-0.2339	-0.1811	-0.124	-0.1432	-0.0768	0.2711	0.2774	-0.1779	-0.1108	-0.169	-0.1405	0.0036	-0.1455	-0.1679	-0.0477	-0.0681	-0.5412	0.7759	0.4724	-0.1555	-0.2985	0.9959	1.0	-0.1066	-0.3666	-0.1059	-0.1059	0.8581	-0.397	0.4978	-0.3937	-0.0469	0.2715	-0.2896	0.0534	-0.2109	-0.0351	-0.2724	-0.2109	0.3159	-0.0852	0.2239	0.2727	0.179	-0.1226	-0.1244	0.0499	0.0499	0.0526	-0.1266	-0.1226	-0.1226	-0.1381	0.1747	0.0459	-0.1029	0.0042	-0.0881	-0.0568	-0.0568	-0.0736	-0.0587	-0.0506	-0.0506	-0.0639	-0.0738	-0.0374	-0.0753	-0.0099	-0.0871	-0.0194	-0.0524	0.0246	0.051	0.0581	0.0319	-0.0244	0.0581	0.0129	0.0109	-0.0202	0.0533	0.0818	-0.0127	0.0324	-0.0437	-0.0368	-0.0634	-0.0634	0.0225	0.0197	0.0197	0.0197	0.035
0.0215	-0.0374	0.0137	0.0181	-0.0281	-0.0477	0.0362	-0.073	-0.1114	-0.0895	0.0217	-0.065	0.0785	-0.0564	0.1468	0.0158	-0.0958	0.0796	-0.0585	0.1519	0.023	0.029	0.0612	0.0815	0.0721	-0.0584	0.0056	-0.0557	-0.1276	0.1565	-0.1138	-0.3109	-0.1197	0.198	0.6823	0.2098	-0.1054	-0.1066	1.0	-0.199	0.9323	0.9323	-0.1454	-0.2076	-0.1186	-0.209	-0.1672	0.3479	-0.1257	-0.2072	-0.159	0.194	-0.1635	-0.159	0.4818	-0.0448	0.058	-0.0911	-0.0244	0.18	0.179	-0.1577	-0.1577	-0.1602	0.0006	0.18	0.18	-0.073	-0.0899	-0.1334	-0.0825	0.0169	0.0528	0.0509	0.0509	0.0391	0.0569	0.0551	0.0551	0.041	0.042	-0.009	0.041	0.0202	0.0411	0.0425	-0.0286	0.0271	0.0183	0.0239	-0.0326	-0.0703	0.0239	-0.0541	0.0002	-0.0438	-0.0211	0.0206	-0.0494	0.0642	0.0858	-0.0543	-0.0543	-0.0543	-0.1093	-0.132	-0.132	-0.132	-0.112
-0.1758	0.0075	-0.0287	-0.0393	0.003	0.179	0.0283	-0.1128	-0.084	-0.0982	0.0743	-0.155	-0.1138	-0.1476	-0.0321	0.1495	0.1665	-0.1096	0.2568	-0.0408	-0.0543	-0.0573	0.2081	-0.1004	0.1951	0.2577	0.0025	0.2535	0.0682	-0.0543	-0.2424	0.2568	-0.1962	-0.6019	-0.2074	-0.6484	-0.3619	-0.3666	-0.199	1.0	-0.2053	-0.2053	-0.4121	0.9396	-0.3127	0.9377	-0.5036	0.0431	-0.3867	0.5071	-0.591	-0.5056	-0.3698	-0.591	-0.1643	0.2831	0.0022	-0.0507	0.0475	0.2609	0.2659	-0.283	-0.283	-0.2787	-0.2076	0.2698	0.2698	-0.3109	-0.0128	-0.308	-0.254	0.0784	-0.0972	-0.1457	-0.1457	-0.113	-0.1563	-0.1561	-0.1561	-0.0794	-0.0759	0.1263	-0.0754	0.0786	-0.0635	0.0359	0.0976	0.0665	-0.0882	-0.074	0.0462	0.151	-0.074	0.0616	0.0157	0.0928	-0.038	-0.0103	0.0462	-0.1395	-0.1023	1e-04	0.0379	0.0379	0.0356	0.0589	0.0589	0.0589	0.051
0.0245	-0.0688	0.0107	0.015	-0.0586	-0.0436	0.0438	-0.0572	-0.12	-0.0975	0.0143	-0.0632	0.1064	-0.0407	0.1785	0.0082	-0.1286	0.1075	-0.0945	0.1834	0.0206	0.0267	0.053	0.1087	0.0641	-0.0952	0.0233	-0.0921	-0.1577	0.188	-0.1014	-0.3249	-0.107	0.2384	0.6605	0.1848	-0.1046	-0.1059	0.9323	-0.2053	1.0	1.0	-0.1452	-0.2134	-0.1191	-0.2148	-0.2158	0.333	-0.1675	-0.1592	-0.1479	0.1545	-0.1698	-0.1479	0.4484	-0.0429	0.012	-0.0773	-0.0231	0.1714	0.1704	-0.1501	-0.1501	-0.1526	0.0168	0.1714	0.1714	-0.0673	-0.088	-0.1257	-0.0768	0.067	0.0726	0.0515	0.0515	0.0399	0.0575	0.0557	0.0557	0.0604	0.0615	0.0271	0.0604	0.067	0.0606	0.0882	-0.0133	0.0299	0.0231	0.0298	-0.0168	-0.0563	0.0298	-0.0386	0.0028	-0.0287	-0.0184	0.015	-0.0256	0.0623	0.0868	-0.0134	-0.0134	-0.0134	-0.1064	-0.1201	-0.1201	-0.1201	-0.1093
0.0245	-0.0688	0.0107	0.015	-0.0586	-0.0436	0.0438	-0.0572	-0.12	-0.0975	0.0143	-0.0632	0.1064	-0.0407	0.1785	0.0082	-0.1286	0.1075	-0.0945	0.1834	0.0206	0.0267	0.053	0.1087	0.0641	-0.0952	0.0233	-0.0921	-0.1577	0.188	-0.1014	-0.3249	-0.107	0.2384	0.6605	0.1848	-0.1046	-0.1059	0.9323	-0.2053	1.0	1.0	-0.1452	-0.2134	-0.1191	-0.2148	-0.2158	0.333	-0.1675	-0.1592	-0.1479	0.1545	-0.1698	-0.1479	0.4484	-0.0429	0.012	-0.0773	-0.0231	0.1714	0.1704	-0.1501	-0.1501	-0.1526	0.0168	0.1714	0.1714	-0.0673	-0.088	-0.1257	-0.0768	0.067	0.0726	0.0515	0.0515	0.0399	0.0575	0.0557	0.0557	0.0604	0.0615	0.0271	0.0604	0.067	0.0606	0.0882	-0.0133	0.0299	0.0231	0.0298	-0.0168	-0.0563	0.0298	-0.0386	0.0028	-0.0287	-0.0184	0.015	-0.0256	0.0623	0.0868	-0.0134	-0.0134	-0.0134	-0.1064	-0.1201	-0.1201	-0.1201	-0.1093
0.1474	-0.1067	0.1822	0.1803	-0.1026	-0.1614	0.1827	0.0607	-0.0618	-0.0714	-0.2288	0.0136	-0.0242	-0.0416	0.0039	-0.1843	-0.1883	-0.0339	-0.1752	0.0101	0.2183	0.2228	-0.1436	-0.0251	-0.1346	-0.1749	-0.0026	-0.1764	-0.1932	0.0404	-0.0586	-0.6137	0.6565	0.358	0.1292	-0.1488	0.8548	0.8581	-0.1454	-0.4121	-0.1452	-0.1452	1.0	-0.4454	0.6831	-0.4429	0.0029	0.2535	-0.3281	0.1064	-0.2653	-0.0883	-0.3151	-0.2653	0.2975	-0.0639	0.2344	0.3903	0.1805	-0.1487	-0.1509	0.0799	0.0799	0.0816	-0.1635	-0.1487	-0.1487	-0.2027	0.316	0.0957	-0.167	-0.0094	-0.1375	-0.1074	-0.1074	-0.1331	-0.1015	-0.0951	-0.0951	-0.1268	-0.1355	-0.0626	-0.132	-0.0155	-0.1481	-0.0229	-0.106	0.0	0.0325	0.0766	0.0421	-0.0323	0.0766	0.0209	0.0764	-0.01	0.0516	0.1279	0.018	0.0429	-0.0852	-0.0077	-0.056	-0.056	0.0755	0.0758	0.0758	0.0758	0.0846
-0.1797	-0.0247	-0.0696	-0.0791	-0.034	0.2433	-0.0263	-0.1038	-0.087	-0.1004	0.1154	-0.1554	-0.1264	-0.1354	-0.0454	0.185	0.2148	-0.131	0.3188	-0.0546	-0.099	-0.1026	0.2544	-0.1247	0.2423	0.3239	-0.0186	0.3171	0.1143	-0.069	-0.2498	0.293	-0.2341	-0.5385	-0.2205	-0.6909	-0.3921	-0.397	-0.2076	0.9396	-0.2134	-0.2134	-0.4454	1.0	-0.3302	0.998	-0.4502	-0.0092	-0.3163	0.4542	-0.4903	-0.4515	-0.2966	-0.4903	-0.1922	0.252	-0.0269	-0.0788	0.0366	0.2286	0.2331	-0.2463	-0.2463	-0.2426	-0.2551	0.2373	0.2373	-0.2407	-0.0416	-0.2658	-0.1911	0.0499	-0.0696	-0.1067	-0.1067	-0.0713	-0.1194	-0.1196	-0.1196	-0.0493	-0.0455	0.1156	-0.0453	0.0573	-0.0336	0.0077	0.1308	0.0443	-0.0289	-0.035	0.0711	0.1391	-0.035	0.1083	-0.0132	0.1446	-0.0387	-0.0442	0.0919	-0.1224	-0.0854	-0.0143	0.0224	0.0224	0.0322	0.0535	0.0535	0.0535	0.0492
0.0932	-0.0594	-0.0395	-0.042	-0.0613	-0.0728	-0.0799	0.1574	0.04	0.0413	-0.0261	0.1357	0.0911	0.0784	0.1208	0.0196	-0.0707	0.0925	-0.0742	0.1321	-0.0772	-0.0664	0.0484	0.1169	0.0581	-0.0773	0.1013	-0.0707	-0.0045	0.1692	0.0953	-0.3435	0.2858	0.165	0.1746	-0.0098	0.4904	0.4978	-0.1186	-0.3127	-0.1191	-0.1191	0.6831	-0.3302	1.0	-0.325	0.3063	-0.2084	-0.2178	0.3132	-0.1161	-0.2875	-0.1946	-0.1161	-0.1434	-0.1024	-0.07	0.505	-0.0701	-0.1831	-0.1845	0.2161	0.2161	0.2213	-0.0767	-0.1831	-0.1831	-0.163	0.3848	0.2228	-0.0912	-0.0516	-0.1653	-0.1217	-0.1217	-0.1547	-0.1075	-0.0962	-0.1033	-0.1612	-0.1602	-0.1259	-0.1542	-0.0694	-0.1758	-0.0472	-0.1059	-0.0142	0.0072	0.0679	0.1201	0.0806	0.0679	0.0983	0.0877	0.0526	0.0829	0.0681	0.0729	0.0373	-0.1183	-0.0044	-0.0367	-0.0367	0.2104	0.2089	0.2089	0.2089	0.2135
-0.1811	-0.0265	-0.0725	-0.082	-0.0358	0.2503	-0.0293	-0.1054	-0.0893	-0.1028	0.1192	-0.1573	-0.1291	-0.1371	-0.0474	0.1889	0.2205	-0.1337	0.3259	-0.0567	-0.1019	-0.1056	0.2593	-0.1274	0.2472	0.3312	-0.0201	0.3243	0.1185	-0.071	-0.2523	0.2915	-0.2308	-0.5351	-0.2223	-0.6911	-0.3888	-0.3937	-0.209	0.9377	-0.2148	-0.2148	-0.4429	0.998	-0.325	1.0	-0.4473	-0.0116	-0.3162	0.4554	-0.4894	-0.4528	-0.2963	-0.4894	-0.1943	0.2511	-0.0281	-0.0756	0.0358	0.2263	0.2309	-0.2438	-0.2438	-0.2401	-0.2537	0.235	0.235	-0.2404	-0.0382	-0.2631	-0.1909	0.0492	-0.066	-0.1026	-0.1026	-0.0674	-0.1152	-0.1155	-0.1155	-0.0456	-0.0418	0.1146	-0.0417	0.0565	-0.0299	0.0068	0.1322	0.0434	-0.0309	-0.0374	0.0719	0.143	-0.0374	0.1091	-0.0144	0.1464	-0.0402	-0.0464	0.0979	-0.1253	-0.089	-0.0148	0.022	0.022	0.0383	0.0595	0.0595	0.0595	0.0553
0.0896	0.0092	-0.0032	0.0065	0.0034	-0.1368	-0.1022	0.1534	0.1689	0.1775	-0.0076	0.1942	0.1272	0.1869	0.002	-0.0544	-0.0613	0.1229	-0.186	0.0062	-0.0752	-0.0676	-0.155	0.1493	-0.1506	-0.1914	0.0595	-0.1825	0.0717	0.0304	0.3146	0.054	-0.0164	0.1468	-0.0599	0.5273	-0.0524	-0.0469	-0.1672	-0.5036	-0.2158	-0.2158	0.0029	-0.4502	0.3063	-0.4473	1.0	-0.0885	0.7694	-0.5448	0.6159	0.5349	0.749	0.6159	-0.2693	0.2278	-0.0332	0.0405	-0.0547	-0.3444	-0.3492	0.3567	0.3567	0.3613	0.1521	-0.3531	-0.3531	0.2316	0.191	0.3738	0.2077	-0.0027	0.1094	0.0821	0.0821	0.109	0.0917	0.0996	0.0916	0.1042	0.1125	0.0188	0.1161	-0.0263	0.1046	0.0037	-0.0049	0.0635	0.0781	0.1288	0.0527	-0.0779	0.1288	0.0632	0.1082	0.0321	0.0483	0.0162	-0.0345	0.0993	0.1011	-0.0316	-0.05	-0.05	0.0744	0.0468	0.0468	0.0468	0.055
0.0344	-0.1505	0.3463	0.3496	-0.1422	-0.2027	0.3576	-0.1104	-0.1851	-0.1865	-0.268	-0.1605	-0.032	-0.1676	0.0052	-0.2223	-0.2453	-0.0443	-0.2204	0.0015	0.339	0.3445	-0.1891	-0.0383	-0.2023	-0.222	-0.0596	-0.2242	-0.3226	0.0003	-0.2214	-0.5392	0.4173	0.0936	0.2863	-0.1925	0.2755	0.2715	0.3479	0.0431	0.333	0.333	0.2535	-0.0092	-0.2084	-0.0116	-0.0885	1.0	-0.0172	-0.4343	-0.4267	0.4135	-0.0363	-0.4267	0.6628	0.5593	0.4244	-0.1045	0.3179	0.0728	0.0702	-0.2047	-0.2047	-0.201	-0.2033	0.0728	0.0728	-0.2726	0.1504	-0.1488	-0.2668	0.2046	0.0657	-0.0511	-0.0511	0.0073	-0.0544	-0.0505	-0.0505	0.0802	0.0784	0.2554	0.0802	0.1913	0.0805	0.1688	0.0341	0.2077	0.0389	0.127	-0.0023	-0.1424	0.127	0.002	0.1849	0.0139	-0.0206	0.1461	-0.1009	0.0357	0.0892	-0.0531	-0.0737	-0.0737	-0.1246	-0.1363	-0.1363	-0.1363	-0.1165
