0	1	2	3	4	5	6	7	8	9	10	11	12	13	14	15	16	17	18	19	20	21	22	23	24	25	26	27	28	29	30	31	32	33	34	35	36	37	38	39	40	41	42	43	44	45	46	47	48	49	50	51	52	53	54	55	56	57	58	59	60	61	62	63	64	65	66	67	68	69	70	71	72	73	74	75	76	77	78	79	80	81	82	83	84	85	86	87	88	89	90	91	92	93	94	95	96	97	98	99	100	101	102	103	104	105	106	107	108
0.99999875	-0.060664725	-0.07880259	-0.074633665	-0.051218692	-0.10786006	0.1036539	0.021546463	-0.109161176	-0.097297035	-0.20082103	0.041862737	-0.13034172	-0.048478227	-0.08316298	-0.14382708	-0.08045749	-0.12909016	-0.041551545	-0.086006366	0.18441303	0.18961145	-0.10084595	-0.12039902	-0.08120005	-0.030065458	-0.04100546	-0.038298815	-0.049381442	-0.079624325	-0.015083413	-0.087711595	0.09477493	0.21184772	0.08310859	0.12350156	0.13595277	0.13415514	0.021450635	-0.17583054	0.024451355	0.024451355	0.14742254	-0.17968988	0.09317754	-0.18110964	0.089636795	0.034437034	0.017536823	-0.068450645	0.036149878	0.07303499	-0.008088915	0.036149878	0.09052618	-0.06283239	0.107538745	0.035390433	0.046839114	-0.12107666	-0.122327186	0.10733316	0.10733316	0.114377	0.14504589	-0.12107666	-0.12107666	0.109979264	0.025243461	0.108557016	0.09643345	-0.040231217	0.10163539	0.09851643	0.09851643	0.07429286	0.10524363	0.103411295	0.103411295	0.06348415	0.06466974	-0.056857422	0.063484155	-0.034545533	0.06373642	0.051788073	-0.031863313	0.03450371	0.10458011	0.12551494	0.091674246	-0.02285279	0.12551494	0.08429702	0.05348224	0.024741143	0.101080716	-0.017988853	-0.028194057	0.01948283	0.03152394	0.020123344	-0.019877814	-0.019877814	-0.0027920576	0.0007186241	0.0007186241	0.0007186241	-0.004001563
-0.060664725	1.0000012	-0.3342132	-0.32860312	0.9679448	-0.272351	-0.109597534	-0.117121264	0.48978722	0.47739685	0.15868732	-0.14477606	0.33194372	-0.16132745	0.054148953	0.1470111	0.11543976	0.31647184	-0.14269479	0.046286024	-0.04767318	-0.0478638	-0.08593364	0.30627245	-0.07192806	-0.14233148	0.10326762	-0.14950265	0.018879553	0.06285006	0.14511569	0.19818194	-0.1362262	-0.15359658	-0.04959303	0.11749708	-0.11235464	-0.10736465	-0.037401743	0.0074603427	-0.06884221	-0.06884221	-0.10670976	-0.02470088	-0.059399303	-0.02654883	0.009223323	-0.15047182	0.06292604	0.024010673	0.08315345	-0.03243168	0.04866346	0.08315345	-0.111705214	-0.073855795	-0.07091319	0.048946425	-0.051387653	-0.014471676	-0.016456693	0.04179267	0.04179267	0.038122546	-0.005280409	-0.020088067	-0.020088067	0.034012035	-0.024547603	-0.0031120635	0.0033161733	-0.12853561	-0.011009119	0.031520255	0.031520255	0.019788204	0.027003383	0.023450904	0.028625773	-0.02654787	-0.02990944	-0.09437706	-0.031652816	-0.09949749	-0.03177851	-0.11601435	-0.061934847	-0.053298336	0.008799925	-0.009244254	-0.014747456	-0.00885064	-0.009244254	0.002374886	0.00026850027	-0.017922768	0.03319364	0.010884989	-0.0015389612	0.050498128	-0.040101398	-0.05273733	-0.052737337	-0.052737337	-0.0175967	-0.049015686	-0.049015686	-0.049015686	-0.037459545
-0.07880259	-0.3342132	0.99999976	0.9906821	-0.3233294	-0.3754706	0.5597031	-0.23817915	-0.29896215	-0.29917005	-0.14617397	-0.07384514	0.10015031	-0.031047145	0.16629337	-0.2822285	-0.41883183	0.09350223	-0.40759838	0.16396639	0.3117382	0.31580976	-0.2301327	0.07850214	-0.22026266	-0.38835758	0.19739887	-0.39714065	-0.46220756	0.17570153	-0.13553847	-0.29877225	0.29914522	0.032677278	0.03622134	-0.041110665	0.15859714	0.15429342	0.013721737	-0.028743891	0.010676794	0.010676794	0.18221994	-0.06960974	-0.039546378	-0.07252769	-0.0031939335	0.34632257	0.039295573	-0.17048365	-0.10508467	0.18675172	0.043500464	-0.10508467	0.20573747	0.21684954	0.12564166	-0.09138553	0.054580625	0.038751222	0.040447183	-0.04743002	-0.04743002	-0.053381383	0.012307768	0.043479104	0.043479104	-0.038540415	0.028558867	-0.018974654	-0.0483373	0.08599391	0.031097783	-0.0052536046	-0.0052536046	0.012933794	-0.014482423	-0.015803419	-0.015803417	0.044089492	0.04264362	0.11336883	0.044089507	0.095440745	0.03995018	0.036754444	0.028390437	0.07521086	0.011287204	0.040909197	-0.03700799	-0.107227996	0.040909197	-0.08145407	0.03502098	-0.024933513	-0.0969534	0.067394555	-0.009692324	0.016635705	0.08554519	0.12484336	0.10485369	0.10485369	-0.11317964	-0.08064197	-0.08064197	-0.08064197	-0.111395486
-0.074633665	-0.32860312	0.9906821	1.0000015	-0.31772217	-0.39171487	0.56306005	-0.23352115	-0.29138944	-0.29169077	-0.15415326	-0.06731524	0.086950704	-0.024764227	0.14723356	-0.2911569	-0.4132074	0.08022043	-0.4046077	0.1453525	0.31677777	0.32098103	-0.23768286	0.061444454	-0.22782326	-0.3805903	0.17732316	-0.39414492	-0.45244357	0.15754253	-0.1378504	-0.30167317	0.30261225	0.03960743	0.03546666	-0.03721901	0.1604265	0.15614322	0.018076997	-0.039327294	0.0150485495	0.0150485495	0.18026693	-0.079059735	-0.04201279	-0.08197918	0.0065021175	0.34959817	0.04973453	-0.18232392	-0.09481897	0.1985838	0.05377449	-0.09481897	0.20847358	0.21672413	0.12334374	-0.0894327	0.048451126	0.031771343	0.033513602	-0.038135692	-0.038135692	-0.0440294	0.019016568	0.036531195	0.036531195	-0.028413707	0.025424333	-0.010698402	-0.037690848	0.07856025	0.036582418	-0.0024617172	-0.0024617172	0.016805321	-0.011961125	-0.013210814	-0.013210817	0.04541405	0.043924708	0.111026414	0.04541404	0.089279704	0.041250855	0.030361999	0.028220661	0.079747215	0.014047439	0.04637731	-0.03582813	-0.11200964	0.04637731	-0.079793684	0.04022967	-0.02710432	-0.09115423	0.07719554	-0.01676446	0.02847972	0.092435375	0.1276632	0.10753832	0.10753832	-0.116552465	-0.083575636	-0.083575636	-0.083575636	-0.11504296
-0.051218692	0.9679448	-0.3233294	-0.31772217	0.9999995	-0.2839284	-0.09418948	-0.14286754	0.49739856	0.4851979	0.1644342	-0.16801128	0.35858756	-0.16168198	0.08774637	0.15296447	0.095187515	0.34345692	-0.16263486	0.079411685	-0.04836276	-0.05380507	-0.07811742	0.33184388	-0.06436044	-0.16247247	0.12949991	-0.16944635	-0.021400958	0.095187664	0.11255295	0.18295783	-0.13076676	-0.14407876	-0.035696417	0.12845838	-0.11404768	-0.10918489	-0.028132308	0.00302651	-0.05863266	-0.05863266	-0.10262356	-0.034000665	-0.061283477	-0.035848994	0.003416705	-0.14223556	0.058302775	0.024553271	0.06956704	-0.032715604	0.03403863	0.06956704	-0.11367882	-0.06692884	-0.08171185	0.07007178	-0.052570276	-0.009984407	-0.011947724	0.037978362	0.037978362	0.034335535	-0.023456756	-0.015482598	-0.015482598	0.014094009	-0.015347714	-0.015769228	-0.01614622	-0.127918	-0.026383592	0.016628629	0.016628629	0.0048454907	0.012298469	0.008733307	0.013799258	-0.041574348	-0.044871874	-0.09534175	-0.046571862	-0.09969316	-0.046756808	-0.11572899	-0.068282425	-0.05450254	0.0038389505	-0.00908591	-0.022981461	-0.019879526	-0.00908591	-0.011697308	0.0072798994	-0.03031756	0.02876682	0.017591808	-0.008214437	0.04810898	-0.027667068	-0.052768208	-0.052768186	-0.052768186	-0.023872212	-0.054666124	-0.054666124	-0.054666124	-0.0432003
-0.10786006	-0.272351	-0.3754706	-0.39171487	-0.2839284	1.0000002	-0.3695604	-0.252409	-0.32047	-0.31597796	0.36847568	-0.288123	-0.2836982	-0.26836446	-0.22421783	0.38932097	0.5823564	-0.2909759	0.71430445	-0.22425205	-0.21338351	-0.22043864	0.44636497	-0.27490887	0.43355367	0.6893325	-0.16292503	0.70414907	0.35860768	-0.23444189	-0.26498875	0.23408006	-0.19236723	-0.13257657	-0.087870434	-0.18088494	-0.14454526	-0.14136253	-0.04769854	0.1789721	-0.043584272	-0.043584272	-0.16143745	0.24332875	-0.07279357	0.25026083	-0.13683358	-0.20268759	-0.10563972	0.17800577	-0.026297014	-0.17765552	-0.102942765	-0.026297014	-0.10723402	-0.10863121	-0.006647911	-0.07026014	-0.042900603	0.112930894	0.115219384	-0.104535244	-0.104535244	-0.10054863	-0.079383984	0.11780325	0.11780325	-0.0074268724	-0.109014295	-0.09098493	0.028124753	-0.007985681	-0.0050893864	0.006208452	0.006208452	0.0070670866	0.0074030627	0.0025431071	0.0025431071	0.0009962055	0.00784762	-0.002873141	0.00542487	-0.005276318	0.018785173	-0.009925515	0.09196188	-0.0019996082	-0.06550236	-0.08303016	0.018920247	0.13195433	-0.08303016	0.07310607	-0.040499497	0.07458215	0.004509168	-0.0076997327	0.08620303	-0.0017677211	-0.16861504	-0.052069947	-0.052070014	-0.052070014	0.059496067	0.060169954	0.060169954	0.060169954	0.073455036
0.1036539	-0.109597534	0.5597031	0.56306005	-0.09418948	-0.3695604	0.99999905	-0.27586395	-0.40856457	-0.40772238	-0.50307775	-0.28467456	-0.087144695	-0.2352861	0.037792806	-0.5049069	-0.5563954	-0.08839233	-0.48232946	0.041521624	0.68893945	0.6824843	-0.3892311	-0.104588665	-0.3917947	-0.46688697	0.2000684	-0.48605958	-0.7080304	0.036394436	-0.32971084	-0.25321352	0.3099285	0.00043911923	-0.0015098634	-0.11351592	0.20332365	0.19869031	0.03621907	0.028255017	0.043845184	0.043845184	0.18272342	-0.026289519	-0.079901546	-0.029296882	-0.10217152	0.3575641	-0.042369593	-0.0903915	-0.18194261	0.102746405	-0.04068457	-0.18194261	0.21821886	0.1851703	0.103612244	0.08360893	0.06461519	-0.03561504	-0.03888187	0.015077849	0.015077849	0.00891884	-0.057246353	-0.035615046	-0.035615046	-0.100398555	0.032726876	-0.06609295	-0.09839493	0.10279063	-0.0035741392	-0.064632714	-0.064632714	-0.04347901	-0.06742338	-0.06126853	-0.06538621	-0.00834007	-0.0094697485	0.11440473	-0.008340073	0.114599444	-0.012451404	0.068747096	-0.009250215	0.07120634	-0.017832106	0.016424885	-0.06166716	-0.11105889	0.016424885	-0.0899849	0.05992825	-0.024485134	-0.10401183	0.11850177	-0.06303202	0.09879681	-0.007875964	0.08102909	0.062133893	0.062133893	-0.10188795	-0.068562046	-0.068562046	-0.068562046	-0.08880286
0.021546463	-0.117121264	-0.23817915	-0.23352115	-0.14286754	-0.252409	-0.27586395	1.0000011	0.486281	0.49296296	-0.3848858	0.8389861	-0.19155812	0.7124448	-0.1583663	-0.3375153	-0.22105902	-0.16038665	-0.19594598	-0.1361721	-0.13870825	-0.12940596	-0.27894753	-0.16725914	-0.28284383	-0.19064765	-0.09078978	-0.19293477	0.34559447	-0.14219192	0.5591962	0.02807828	-0.022821993	0.22256084	-0.033829935	0.07783439	0.08203859	0.079821356	-0.07299561	-0.112829596	-0.057206318	-0.057206318	0.060669098	-0.10378426	0.1573532	-0.10541708	0.15340462	-0.11039031	0.03629977	-0.006355116	0.12619574	0.0055953274	0.057024494	0.12619574	-0.072722495	-0.074125156	-0.006879401	0.018632457	0.0598932	-0.10630104	-0.10793695	0.07290361	0.07290361	0.070077606	0.07702369	-0.11342566	-0.11342566	0.02502253	0.055632018	0.08857501	0.0369466	0.0453913	-0.069934174	-0.035926152	-0.035926152	-0.05698013	-0.027337026	-0.017196612	-0.017196609	-0.035001297	-0.040116843	-0.046565324	-0.041477133	0.0009891972	-0.04814342	0.08203209	-0.039699934	0.014107063	-0.008154148	0.0128099	0.002208974	-0.011748483	0.0128099	-0.016697584	0.029715126	-0.0129328165	-0.005483843	-0.01808954	-0.07220208	-0.04336529	0.06738268	-0.079835676	-0.079835705	-0.079835705	0.12650114	0.11044267	0.11044267	0.11044267	0.1311261
-0.109161176	0.48978722	-0.29896215	-0.29138944	0.49739856	-0.32047	-0.40856457	0.486281	1.0000006	0.986494	0.08826862	0.3482257	0.36351028	0.3976764	0.045500048	0.121634915	0.09715041	0.3711966	-0.20862322	0.06632413	-0.3961514	-0.39730966	-0.13319275	0.35572037	-0.1193813	-0.20337579	0.11222799	-0.20315371	0.29589063	0.07228896	0.49387127	0.1053561	-0.08769228	0.00658861	-0.050089847	0.16564123	-0.07196738	-0.075003386	-0.111436576	-0.08400898	-0.119987585	-0.119987585	-0.06175527	-0.08695287	0.04003673	-0.089314334	0.1688772	-0.18512811	0.14130504	-0.03981918	0.18238054	0.03463036	0.12993011	0.18238054	-0.16046913	-0.048075695	-0.029910095	-0.06351181	0.036489666	-0.026178233	-0.028602947	0.011082686	0.011082686	0.0065105786	0.063504785	-0.03637428	-0.03637428	0.05897199	-0.016730677	0.052876253	0.039061498	-0.061673157	-0.043239545	-0.012552561	-0.012552561	-0.024654226	-0.027402634	-0.03192967	-0.027232435	-0.044944808	-0.05211438	-0.043148275	-0.05421237	-0.04912068	-0.059079874	-0.07540075	-0.066293664	-0.048724186	0.008953814	0.009840142	0.0057662586	-0.003663498	0.009840142	-0.0055969516	0.013387591	-0.032421008	0.042368703	-0.023397267	-0.025327358	-0.04349162	0.059308954	-0.057523035	-0.05752308	-0.05752308	0.064271405	0.03185543	0.03185543	0.03185543	0.045934003
-0.097297035	0.47739685	-0.29917005	-0.29169077	0.4851979	-0.31597796	-0.40772238	0.49296296	0.986494	0.9999986	0.07895777	0.36193812	0.34872082	0.41177818	0.02924159	0.10300698	0.09054008	0.3563587	-0.21504913	0.050250445	-0.39089316	-0.38723078	-0.147005	0.34161037	-0.1379958	-0.21007727	0.09853965	-0.20971107	0.29892397	0.05638657	0.5048911	0.10190374	-0.09790755	0.020055076	-0.04065837	0.17806093	-0.07639838	-0.079396255	-0.089528106	-0.09818501	-0.097472034	-0.097472034	-0.07136667	-0.10042264	0.041272465	-0.10278907	0.17752197	-0.18649572	0.1444627	-0.049546827	0.19448827	0.04437168	0.13311206	0.19448827	-0.15108798	-0.06262272	-0.028422553	-0.060936566	0.037342634	-0.03304125	-0.035446927	0.017208688	0.017208688	0.012695523	0.07694101	-0.043183845	-0.043183845	0.07238974	-0.020647455	0.05362812	0.04298378	-0.07277859	-0.04276659	-0.008248486	-0.008248486	-0.020102305	-0.01841079	-0.022866208	-0.01819359	-0.04443591	-0.05157684	-0.05907383	-0.053654894	-0.07076014	-0.058495767	-0.08506503	-0.06725094	-0.057887904	0.01705947	0.012537315	-0.0045616906	-0.02035656	0.012537315	-0.015558626	0.0055209505	-0.044346575	0.043866087	-0.032161146	-0.027060913	-0.035112556	0.06302143	-0.05669555	-0.05669552	-0.05669552	0.05697416	0.02485611	0.02485611	0.02485611	0.038619135
-0.20082103	0.15868732	-0.14617397	-0.15415326	0.1644342	0.36847568	-0.50307775	-0.3848858	0.08826862	0.07895777	0.9999985	-0.26270548	0.5009563	-0.21096098	0.40564555	0.85061574	0.56443894	0.49675336	0.4576245	0.3975776	-0.7376159	-0.74142545	0.7006868	0.49748987	0.7020312	0.4342357	0.2994653	0.45878053	0.35136294	0.3864957	-0.03505561	0.20143872	-0.27472565	-0.21162988	0.042321518	0.06039622	-0.2874692	-0.28175673	0.021742154	0.07427896	0.014261395	0.014261395	-0.2287667	0.1153992	-0.026142322	0.119219676	-0.0076334984	-0.26795748	0.028048784	0.098216526	0.08223513	-0.09682121	0.019683547	0.08223513	-0.192217	-0.07620706	-0.09397103	-0.11126377	-0.111532144	0.055467736	0.059451167	0.0053177387	0.0053177387	0.008681832	0.07176319	0.059856687	0.059856687	0.1345584	-0.12163083	0.061046887	0.17096467	-0.12663011	0.12590581	0.19830313	0.19830313	0.18284744	0.18908474	0.17271408	0.176758	0.12803227	0.13265283	-0.0880243	0.13202156	-0.10438105	0.14055623	-0.14741486	0.12643836	-0.06365435	-0.016154155	-0.05036466	0.07523674	0.15675375	-0.05036466	0.09812627	-0.06405244	0.094885275	0.018861221	-0.13509236	0.15211473	-0.14121225	-0.04088773	0.05191324	0.033356562	0.033356562	0.034874227	0.036627725	0.036627725	0.036627725	0.029415693
0.041862737	-0.14477606	-0.07384514	-0.06731524	-0.16801128	-0.288123	-0.28467456	0.8389861	0.3482257	0.36193812	-0.26270548	1.0000001	-0.22774853	0.88958585	-0.17027754	-0.40703163	-0.28321782	-0.20587674	-0.23745933	-0.15099639	-0.17551441	-0.16797018	-0.32756814	-0.21408743	-0.33051217	-0.23023859	-0.10040785	-0.23425013	0.3889091	-0.15776274	0.6667114	0.08049757	-0.053373907	0.2789632	-0.055324033	0.16354342	0.037806354	0.035418324	-0.06499677	-0.15503897	-0.063167915	-0.063167915	0.013620279	-0.1554187	0.13574578	-0.15732439	0.19420338	-0.16050532	0.109322906	-0.04979864	0.21063332	0.056519024	0.13202974	0.21063332	-0.106626555	-0.08948719	-0.050141156	-0.0018116536	0.019655826	-0.14184566	-0.13725062	0.12547047	0.12547047	0.12240904	0.1569856	-0.14184566	-0.14184566	0.101353854	0.032026965	0.14436346	0.0989533	-0.006498923	-0.02426682	0.034119494	0.034119494	0.0048347926	0.043919273	0.052675713	0.05267572	0.0061634127	0.0077806828	-0.087004386	0.0061634206	-0.03396845	0.00031241903	0.027265267	-0.02962774	-0.03598482	0.033245202	0.02489764	-0.0015402542	-0.030520134	0.02489764	-0.025576806	-0.016860448	-0.023441702	-0.004011827	-0.040743396	-0.06661437	-0.033851936	0.1302891	-0.03507193	-0.0350719	-0.0350719	0.07042166	0.061017074	0.061017074	0.061017074	0.07031926
-0.13034172	0.33194372	0.10015031	0.086950704	0.35858756	-0.2836982	-0.087144695	-0.19155812	0.36351028	0.34872082	0.5009563	-0.22774853	1.000001	-0.20368586	0.74924904	0.516255	-0.054686524	0.96671474	-0.37733772	0.74517447	-0.39784235	-0.3999707	0.2383531	0.94254446	0.25729483	-0.37171543	0.55460906	-0.36236706	-0.21515015	0.7425868	0.11591272	-0.07158219	-0.09244618	-0.09294342	0.17430437	0.21679494	-0.11602411	-0.11936612	0.07848582	-0.11381719	0.10639528	0.10639528	-0.0242206	-0.12641956	0.09113597	-0.12912385	0.12716994	-0.031952675	0.10689552	-0.07700813	0.07431618	0.08730024	0.10325738	0.07431618	-0.02781766	0.07242193	-0.06730042	-0.0005966583	-0.03375313	-0.0071333153	-0.009840462	0.033916306	0.033916306	0.03356477	0.041291002	-0.012081077	-0.012081077	0.03134306	0.008809345	0.07182174	0.04802922	-0.06949777	0.080491155	0.12004582	0.12004582	0.12279913	0.117029086	0.11243171	0.11243172	0.09968365	0.09781256	-0.021331405	0.09968366	-0.062373266	0.10007944	-0.07575886	0.047502697	-0.023549866	0.018412845	0.024954546	0.07093416	0.052695557	0.024954546	0.05187152	0.010973147	0.037401795	0.025071027	-0.026895175	0.07968005	-0.0391712	0.012224386	0.05120756	0.030288216	0.030288216	-0.011041234	-0.02412205	-0.02412205	-0.02412205	-0.03166187
-0.048478227	-0.16132745	-0.031047145	-0.024764227	-0.16168198	-0.26836446	-0.2352861	0.7124448	0.3976764	0.41177818	-0.21096098	0.88958585	-0.20368586	1.0000002	-0.15380892	-0.37740287	-0.2658163	-0.19490185	-0.2145183	-0.13299558	-0.27428102	-0.27187526	-0.29311112	-0.2014387	-0.29662386	-0.2086567	-0.09734288	-0.21150878	0.33680877	-0.1393093	0.58041084	0.054741684	-0.054051608	0.26354653	-0.02152007	0.19510096	-0.042875808	-0.04494097	-0.056394514	-0.14762601	-0.040676415	-0.040676415	-0.041579477	-0.13537388	0.07839735	-0.13711828	0.18685205	-0.16759679	0.12804352	-0.06371734	0.23511116	0.06996967	0.15021014	0.23511116	-0.120010056	-0.09056241	-0.05761982	-0.0343945	0.02972748	-0.12598929	-0.12087719	0.10524372	0.10524372	0.10238986	0.15800096	-0.12598929	-0.12598929	0.1262345	-0.024049291	0.12422975	0.12128562	-0.0015315698	-0.038718022	0.00179964	0.00179964	-0.022322683	0.010784067	0.014091876	0.014091872	-0.024384595	-0.022943322	-0.07272935	-0.024384601	-0.027235132	-0.030697092	-0.022680437	-0.061133433	-0.0840326	0.061482403	0.030391518	-0.026397604	-0.06955516	0.030391518	-0.046766642	-0.04885084	-0.05940755	0.014666959	-0.05502261	-0.073114365	-0.058978073	0.198239	-0.025088394	-0.025088467	-0.025088467	0.030028276	0.015072103	0.015072103	0.015072103	0.02123279
-0.08316298	0.054148953	0.16629337	0.14723356	0.08774637	-0.22421783	0.037792806	-0.1583663	0.045500048	0.02924159	0.40564555	-0.17027754	0.74924904	-0.15380892	1.0000007	0.42249084	-0.35183984	0.7690457	-0.2907009	0.9832847	-0.33435833	-0.33417132	0.5047565	0.7455366	0.51433736	-0.28622392	0.75244445	-0.28106338	-0.44878954	0.9705359	-0.20605671	-0.14239156	-0.061709587	-0.07291438	0.21808663	0.0863462	-0.06906931	-0.07170284	0.14679427	-0.032096162	0.17854515	0.17854515	0.003934112	-0.045392066	0.12078268	-0.04739133	0.0020108018	0.0052484265	-0.031091642	0.017642515	-0.058598977	-0.009845595	-0.03536068	-0.058598977	0.025582619	0.060276672	-0.06328314	0.06741544	-0.04815629	0.029149877	0.027067477	0.0046445597	0.0046445597	0.006122125	-0.05402177	0.029149877	0.029149877	-0.06287748	0.055967707	0.026961263	-0.01837874	0.0012601444	0.049662344	0.07741383	0.07741383	0.06753715	0.08388716	0.08029387	0.08029387	0.06972733	0.07175975	-0.008115362	0.07493692	-0.006127234	0.075234726	-0.013821793	0.072755255	-0.015446662	0.04535427	0.04292532	0.082510464	0.04544954	0.04292532	0.06552218	0.00010539271	0.042554326	0.03739261	-0.047153857	0.06364366	-0.075440936	0.033128314	0.08741733	0.06318428	0.06318428	-0.0025488096	0.00963513	0.00963513	0.00963513	-0.0050581717
-0.14382708	0.1470111	-0.2822285	-0.2911569	0.15296447	0.38932097	-0.5049069	-0.3375153	0.121634915	0.10300698	0.85061574	-0.40703163	0.516255	-0.37740287	0.42249084	0.99999994	0.6936914	0.53452903	0.57046676	0.40914148	-0.7788288	-0.78241485	0.8204613	0.5511379	0.8178145	0.54925424	0.29417092	0.5726404	0.37894395	0.40322214	-0.13373786	0.16438279	-0.23959866	-0.2588382	0.04601478	-0.035388395	-0.23946498	-0.23386222	0.015777277	0.14951041	0.008168067	0.008168067	-0.18434486	0.18497938	0.019581772	0.18891747	-0.054374065	-0.22229536	-0.059894755	0.16465971	-0.03700228	-0.17571725	-0.07784629	-0.03700228	-0.16255988	-0.057119437	-0.0895147	-0.061618723	-0.10761689	0.11934741	0.11900785	-0.05741717	-0.05741717	-0.050048765	-0.01696716	0.11934741	0.11934741	0.034904268	-0.055841956	0.013320802	0.080734424	-0.10154535	0.05772255	0.11949353	0.11949353	0.11034638	0.11404269	0.09766489	0.09766491	0.06419535	0.07258334	-0.061073147	0.07208563	-0.080869496	0.080293454	-0.11484699	0.09273268	-0.042236015	-0.00013534569	-0.02871953	0.112956226	0.18167831	-0.02871953	0.13577932	-0.05213716	0.08476926	0.094376296	-0.14667858	0.120169885	-0.17034388	-0.05015057	0.015987067	0.015987061	0.015987061	0.050938513	0.04837765	0.04837765	0.04837765	0.04545341
-0.08045749	0.11543976	-0.41883183	-0.4132074	0.095187515	0.5823564	-0.5563954	-0.22105902	0.09715041	0.09054008	0.56443894	-0.28321782	-0.054686524	-0.2658163	-0.35183984	0.6936914	1.0000012	-0.05131276	0.8222996	-0.35237977	-0.53627956	-0.54008174	0.44053847	-0.028636232	0.44272095	0.79657054	-0.28116304	0.8169308	0.74490607	-0.34833464	0.029568851	0.2838582	-0.19465604	-0.20003967	-0.11916053	-0.09500714	-0.18898925	-0.18108833	-0.09583698	0.16647029	-0.12861568	-0.12861568	-0.18833739	0.21483152	-0.07065374	0.22048314	-0.061304945	-0.24531144	-0.044164717	0.15970989	0.015422133	-0.17739947	-0.0597439	0.015422133	-0.19485645	-0.11674097	-0.054954614	-0.11632987	-0.08080468	0.100176744	0.10148632	-0.059549823	-0.059549823	-0.05301149	0.028326737	0.100176744	0.100176744	0.091804855	-0.10139174	-0.004616447	0.100533485	-0.10366609	0.021501455	0.06199626	0.06199626	0.061008405	0.051112168	0.03700531	0.037005316	0.01253352	0.019607956	-0.05330446	0.016622193	-0.076192275	0.024898073	-0.10553058	0.03982069	-0.028794808	-0.035153113	-0.06098573	0.050164875	0.14696912	-0.06098573	0.08773419	-0.05059276	0.05417534	0.066319354	-0.11847325	0.07402515	-0.11347571	-0.071424305	-0.050639443	-0.031620476	-0.031620476	0.058501855	0.046379127	0.046379127	0.046379127	0.054616787
-0.12909016	0.31647184	0.09350223	0.08022043	0.34345692	-0.2909759	-0.08839233	-0.16038665	0.3711966	0.3563587	0.49675336	-0.20587674	0.96671474	-0.19490185	0.7690457	0.53452903	-0.05131276	1.0000017	-0.36945188	0.7821984	-0.42743856	-0.4341481	0.26536903	0.95988053	0.2797242	-0.3637902	0.59221125	-0.35444233	-0.20164935	0.7619544	0.12370551	-0.06399327	-0.10283718	-0.09346409	0.17584512	0.22495465	-0.12068731	-0.12400683	0.07957514	-0.109555416	0.10748777	0.10748777	-0.03390583	-0.13097325	0.09252493	-0.13367668	0.12289426	-0.044316944	0.11067313	-0.07746191	0.07715093	0.078470826	0.10230121	0.07715093	-0.038635444	0.06598234	-0.082912005	-0.0044861473	-0.054382276	-0.009013114	-0.011710745	0.039940458	0.039940458	0.039623186	0.06512027	-0.013959754	-0.013959754	0.035222452	0.0049013146	0.08224773	0.06613788	-0.05645536	0.10783276	0.1377502	0.1377502	0.14484955	0.1392617	0.1301988	0.1301988	0.122408085	0.12507208	-0.0029168779	0.12690425	-0.050134365	0.12740833	-0.053206358	0.046219084	-0.002030041	-0.008462539	0.0116406055	0.079390906	0.07907485	0.0116406055	0.055874072	0.030055324	0.055669423	0.0045780228	-0.035557024	0.07784138	-0.041017007	-0.0021303596	0.05170897	0.030794425	0.030794425	0.011508659	-0.0017699191	-0.0017699191	-0.0017699191	-0.009042729
-0.041551545	-0.14269479	-0.40759838	-0.4046077	-0.16263486	0.71430445	-0.48232946	-0.19594598	-0.20862322	-0.21504913	0.4576245	-0.23745933	-0.37733772	-0.2145183	-0.2907009	0.57046676	0.8222996	-0.36945188	1.000001	-0.3012059	-0.44724888	-0.44922578	0.6409178	-0.34070385	0.63278496	0.9703147	-0.24278487	0.9875489	0.6285356	-0.30499613	-0.251256	0.25229076	-0.17000589	-0.1861054	-0.11120872	-0.23582225	-0.152795	-0.14320226	-0.058500856	0.25682405	-0.094525054	-0.094525054	-0.17521146	0.31883508	-0.074198954	0.32590413	-0.18604767	-0.22036988	-0.1779303	0.25572658	-0.10219279	-0.2737505	-0.19003159	-0.10219279	-0.14691687	-0.14179637	-0.032940105	-0.07841754	-0.07591622	0.14405057	0.14634755	-0.10585925	-0.10585925	-0.09724036	-0.0772524	0.14892401	0.14892401	0.012147874	-0.07522523	-0.06409643	0.038050722	-0.056545522	-0.027592922	0.0066025127	0.0066025127	-0.0059322994	-0.0010983514	-0.01049579	-0.010495788	-0.03470342	-0.027903823	-0.05466973	-0.030273778	-0.039378762	-0.021499585	-0.06399786	0.06072321	-0.043361235	0.0009822967	-0.048933625	0.04250322	0.12400897	-0.048933625	0.09176117	-0.085605614	0.0417782	0.09020353	-0.13580914	0.059417892	-0.14967851	-0.04647828	-0.031982165	-0.011377067	-0.011377067	0.046929672	0.057222005	0.057222005	0.057222005	0.060886025
-0.086006366	0.046286024	0.16396639	0.1453525	0.079411685	-0.22425205	0.041521624	-0.1361721	0.06632413	0.050250445	0.3975776	-0.15099639	0.74517447	-0.13299558	0.9832847	0.40914148	-0.35237977	0.7821984	-0.3012059	1.0000002	-0.33426648	-0.3394982	0.49806368	0.7407888	0.50232995	-0.2967239	0.7511651	-0.29175958	-0.44664165	0.9672061	-0.19218141	-0.14821745	-0.06727247	-0.06988987	0.23436098	0.10021297	-0.07420378	-0.07682918	0.15187556	-0.040796574	0.18339106	0.18339106	0.0100701265	-0.054641165	0.13209184	-0.05665891	0.0062092924	0.0014585328	-0.027738698	0.01371561	-0.056136455	-0.0059052724	-0.031604175	-0.056136455	0.025797153	0.06300783	-0.06670656	0.06578073	-0.050867118	0.023838164	0.021751735	0.010798817	0.010798817	0.012201782	-0.05162583	0.023838164	0.023838164	-0.064327285	0.05455887	0.033856515	-0.010427407	-0.0019726406	0.058349293	0.08786962	0.08786962	0.07701425	0.094456166	0.090895765	0.09089577	0.07794796	0.07999545	-0.012525253	0.0830739	-0.009552209	0.08340384	-0.016918147	0.07593998	-0.018777657	0.037278745	0.045218572	0.08915135	0.05180129	0.045218572	0.07165628	0.015971117	0.059365485	0.022633519	-0.042050842	0.06333263	-0.07347553	0.029592518	0.08425882	0.06041471	0.06041471	-0.0071588177	0.004712089	0.004712089	0.004712089	-0.009414863
0.18441303	-0.04767318	0.3117382	0.31677777	-0.04836276	-0.21338351	0.68893945	-0.13870825	-0.3961514	-0.39089316	-0.7376159	-0.17551441	-0.39784235	-0.27428102	-0.33435833	-0.7788288	-0.53627956	-0.42743856	-0.44724888	-0.33426648	1.0000014	0.9936272	-0.6572996	-0.44018972	-0.64804405	-0.4291237	-0.23902808	-0.45152318	-0.62715787	-0.32385233	-0.2618313	-0.20343283	0.28360817	0.09378809	-0.037523843	-0.09509695	0.27555603	0.271115	0.023045903	-0.05428545	0.02055401	0.02055401	0.21832693	-0.09896419	-0.077178344	-0.10188682	-0.075225115	0.33897	-0.024151424	-0.12599826	-0.11693947	0.13752453	-0.020340873	-0.11693947	0.24695656	0.11530823	0.12625355	0.08554464	0.09432289	-0.039648402	-0.04267161	-0.007643345	-0.007643345	-0.013388917	-0.08175894	-0.039648402	-0.039648402	-0.11315713	0.061492287	-0.09891301	-0.16169964	0.108616896	-0.03815702	-0.12652028	-0.12652028	-0.104521364	-0.12690958	-0.11199912	-0.111999124	-0.05435967	-0.06408666	0.10661902	-0.0625868	0.10430285	-0.06696532	0.1267301	-0.06271469	0.10178789	-0.042088818	0.009782442	-0.09744147	-0.13956805	0.009782442	-0.107353374	0.089184664	-0.04298905	-0.11184147	0.19394192	-0.075625494	0.21789478	-0.07642423	0.00093916245	0.00093915465	0.00093915465	-0.07654111	-0.063804574	-0.063804574	-0.063804574	-0.06512761
0.18961145	-0.0478638	0.31580976	0.32098103	-0.05380507	-0.22043864	0.6824843	-0.12940596	-0.39730966	-0.38723078	-0.74142545	-0.16797018	-0.3999707	-0.27187526	-0.33417132	-0.78241485	-0.54008174	-0.4341481	-0.44922578	-0.3394982	0.9936272	1.000001	-0.65893894	-0.44243824	-0.6496551	-0.4309063	-0.2430408	-0.45343426	-0.62166053	-0.32390076	-0.2528059	-0.20949148	0.28900534	0.09924374	-0.035051484	-0.10002821	0.28186047	0.2773803	0.028952334	-0.05732777	0.026685452	0.026685452	0.22282225	-0.102633	-0.066403784	-0.10558202	-0.06755452	0.34448653	-0.026047245	-0.12443635	-0.11998408	0.13603806	-0.022034604	-0.11998408	0.24692674	0.11802232	0.130153	0.09601385	0.09133071	-0.043441914	-0.046488624	-0.0026390178	-0.0026390178	-0.008412967	-0.085110046	-0.04344191	-0.04344191	-0.119221	0.07761155	-0.09283236	-0.16808812	0.10581098	-0.042859674	-0.12929456	-0.12929456	-0.10800296	-0.12953757	-0.11471941	-0.11471938	-0.059077892	-0.06876723	0.10275421	-0.06728735	0.10125728	-0.07167554	0.123800606	-0.05909441	0.0987032	-0.03728488	0.012149516	-0.099306315	-0.14473407	0.012149516	-0.10974279	0.0854553	-0.051767927	-0.10270443	0.18687554	-0.07931057	0.21355471	-0.07449423	-0.00046861684	-0.00046860124	-0.00046860124	-0.07563725	-0.06307175	-0.06307175	-0.06307175	-0.064050816
-0.10084595	-0.08593364	-0.2301327	-0.23768286	-0.07811742	0.44636497	-0.3892311	-0.27894753	-0.13319275	-0.147005	0.7006868	-0.32756814	0.2383531	-0.29311112	0.5047565	0.8204613	0.44053847	0.26536903	0.6409178	0.49806368	-0.6572996	-0.65893894	0.9999997	0.25996125	0.97951263	0.653304	0.3684285	0.63662195	0.1960906	0.48987147	-0.4241625	0.10265984	-0.20030117	-0.21759246	0.075401925	-0.16562364	-0.18460752	-0.17793193	0.06120822	0.20807555	0.05301999	0.05301999	-0.1435847	0.25439018	0.04841058	0.25927347	-0.15502952	-0.18906191	-0.16142981	0.22065994	-0.12663801	-0.22684146	-0.17125514	-0.12663801	-0.100488506	-0.0664588	-0.054897852	-0.022634503	-0.09551709	0.12949856	0.12997171	-0.07449512	-0.07449512	-0.06546649	-0.09984171	0.13392377	0.13392377	-0.025538107	-0.028589042	-0.023821013	0.036570888	-0.049531635	0.021590395	0.08162831	0.08162831	0.05458992	0.079619706	0.06838076	0.06838076	0.030606862	0.03835639	-0.07000126	0.038651355	-0.039566096	0.042843115	-0.0679154	0.11860811	-0.06867365	0.037831016	-0.008892497	0.11402046	0.16039196	-0.008892497	0.14570783	-0.076495335	0.082657166	0.11227776	-0.13770056	0.11877464	-0.18704623	-0.041727055	0.038912177	0.038912177	0.038912177	0.04769411	0.066412814	0.066412814	0.066412814	0.05840849
-0.12039902	0.30627245	0.07850214	0.061444454	0.33184388	-0.27490887	-0.104588665	-0.16725914	0.35572037	0.34161037	0.49748987	-0.21408743	0.94254446	-0.2014387	0.7455366	0.5511379	-0.028636232	0.95988053	-0.34070385	0.7407888	-0.44018972	-0.44243824	0.25996125	1.0000004	0.27398315	-0.3682327	0.575745	-0.32576913	-0.18477866	0.7597129	0.13640602	-0.086060554	-0.08715165	-0.100535065	0.17739701	0.22301605	-0.10739297	-0.11076168	0.081495844	-0.10036011	0.10869584	0.10869584	-0.025062129	-0.12473113	0.11690444	-0.12744012	0.1493417	-0.03831404	0.08552209	-0.041934665	0.047980495	0.04773158	0.08279163	0.047980495	-0.042991832	0.06659953	-0.07143909	0.00923601	-0.044140168	0.0053327573	0.002624152	0.02187324	0.02187324	0.021286998	0.049787458	0.0005828296	0.0005828296	0.012679765	0.018419223	0.07097934	0.044835698	-0.06593549	0.10488484	0.13289556	0.13289556	0.14494099	0.1350442	0.12611312	0.12611312	0.11852924	0.12120401	-0.0029686273	0.12284661	-0.061000254	0.11899997	-0.06320154	0.042159338	0.0046421587	0.0040687453	0.023768183	0.08604258	0.074445345	0.023768183	0.06079436	0.029821048	0.05633967	0.011838472	-0.032487154	0.08353327	-0.035063192	-0.0027723156	0.04324591	0.02316311	0.02316311	0.0019010522	-0.011365091	-0.011365091	-0.011365091	-0.017008903
-0.08120005	-0.07192806	-0.22026266	-0.22782326	-0.06436044	0.43355367	-0.3917947	-0.28284383	-0.1193813	-0.1379958	0.7020312	-0.33051217	0.25729483	-0.29662386	0.51433736	0.8178145	0.44272095	0.2797242	0.63278496	0.50232995	-0.64804405	-0.6496551	0.97951263	0.27398315	1.0000002	0.65863264	0.3781255	0.64202493	0.18816656	0.50970244	-0.42513207	0.09301581	-0.19150274	-0.20645216	0.08488113	-0.15530175	-0.17564572	-0.16895774	0.07205221	0.19512182	0.064116485	0.064116485	-0.1345955	0.24234731	0.058066893	0.24722746	-0.15062593	-0.20232187	-0.175499	0.23649244	-0.1260547	-0.24278618	-0.18567802	-0.1260547	-0.11422949	-0.07800941	-0.082920134	-0.0024142782	-0.10345922	0.11737034	0.117854945	-0.059532367	-0.059532367	-0.05042547	-0.10382347	0.12179891	0.12179891	-0.022852074	-0.008374897	-0.009366281	0.03539421	-0.047887214	0.030130206	0.08503423	0.08503423	0.05837952	0.08293193	0.07172837	0.07172838	0.03915798	0.046911765	-0.06003068	0.047208533	-0.037751533	0.05143729	-0.066229604	0.12908114	-0.066851884	0.062490076	0.014988108	0.13756706	0.1586258	0.014988108	0.16532467	-0.07424024	0.09300664	0.12859415	-0.14339083	0.1285984	-0.17295125	-0.022460246	0.058584582	0.058584582	0.058584582	0.053083174	0.07617385	0.07617385	0.07617385	0.06371172
-0.030065458	-0.14233148	-0.38835758	-0.3805903	-0.16247247	0.6893325	-0.46688697	-0.19064765	-0.20337579	-0.21007727	0.4342357	-0.23023859	-0.37171543	-0.2086567	-0.28622392	0.54925424	0.79657054	-0.3637902	0.9703147	-0.2967239	-0.4291237	-0.4309063	0.653304	-0.3682327	0.65863264	1.0000004	-0.2451998	0.9773016	0.60850614	-0.30020916	-0.2924129	0.25469017	-0.17249894	-0.17666236	-0.11957874	-0.25794607	-0.1503964	-0.14050159	-0.05835681	0.25771314	-0.095225185	-0.095225185	-0.1749188	0.3239367	-0.07733603	0.3312282	-0.191353	-0.22203693	-0.15704349	0.23262082	-0.08540058	-0.25128916	-0.1699058	-0.08540058	-0.14294195	-0.1365256	-0.03751268	-0.076222725	-0.07797325	0.112956695	0.115378365	-0.075667046	-0.075667046	-0.066614784	-0.06402627	0.117920816	0.117920816	0.03707294	-0.07309221	-0.04100783	0.06029776	-0.048171677	-0.016622704	0.016371613	0.016371613	-0.002861843	0.007989932	-0.0013656284	-0.0013656304	-0.023649162	-0.01679505	-0.050936814	-0.019137092	-0.029773459	-0.010153087	-0.05545245	0.08219991	-0.054207213	0.016734656	-0.038982805	0.06792897	0.14022236	-0.038982805	0.11534372	-0.09209177	0.05494061	0.10871194	-0.12510605	0.08109531	-0.13663672	-0.0538131	-0.0064381696	0.014550337	0.014550337	0.06799182	0.08359988	0.08359988	0.08359988	0.08162203
-0.04100546	0.10326762	0.19739887	0.17732316	0.12949991	-0.16292503	0.2000684	-0.09078978	0.11222799	0.09853965	0.2994653	-0.10040785	0.55460906	-0.09734288	0.75244445	0.29417092	-0.28116304	0.59221125	-0.24278487	0.7511651	-0.23902808	-0.2430408	0.3684285	0.575745	0.3781255	-0.2451998	0.99999976	-0.24014442	-0.35774973	0.7444848	-0.15032303	-0.015212267	0.02767621	-0.056134902	-0.021260146	-0.003600945	0.0057078563	0.0035985291	0.005589856	0.0025447004	0.02326306	0.02326306	-0.0025882535	-0.01863576	0.10133577	-0.020126725	0.059527237	-0.059601728	0.027151637	0.015930137	-0.0041042925	-0.010003258	0.021306911	-0.0041042925	-0.073121205	0.07658881	-0.049823433	-0.019788817	-0.03869234	0.032074332	0.030495323	-0.0025120776	-0.0025120776	-0.0055673616	-0.029679429	0.032074332	0.032074332	-0.017512854	-0.034990054	0.007847548	0.03331931	0.005050656	0.06398266	0.094844975	0.094844975	0.088910885	0.09105459	0.08840886	0.08840886	0.08463602	0.08623773	0.007137946	0.084636	0.010936241	0.084972	-0.016375357	0.11449083	-0.0065179085	0.028985493	0.027462795	0.11749459	0.106177576	0.027462795	0.10969411	0.009255359	0.089168	0.047649603	-0.0704763	0.0827867	-0.09415512	0.018052157	0.095832005	0.066359125	0.066359125	0.051796366	0.07067342	0.07067342	0.07067342	0.049356416
-0.038298815	-0.14950265	-0.39714065	-0.39414492	-0.16944635	0.70414907	-0.48605958	-0.19293477	-0.20315371	-0.20971107	0.45878053	-0.23425013	-0.36236706	-0.21150878	-0.28106338	0.5726404	0.8169308	-0.35444233	0.9875489	-0.29175958	-0.45152318	-0.45343426	0.63662195	-0.32576913	0.64202493	0.9773016	-0.24014442	0.99999833	0.62547845	-0.2955647	-0.2519951	0.25140166	-0.17202306	-0.18493253	-0.114862986	-0.23717673	-0.15526964	-0.14554498	-0.055748492	0.25349233	-0.092083864	-0.092083864	-0.17639507	0.31711948	-0.07069221	0.32427397	-0.1825145	-0.22423363	-0.17287563	0.256732	-0.09956615	-0.27503505	-0.18525653	-0.09956615	-0.15519784	-0.13839184	-0.054626208	-0.07263193	-0.08436157	0.12995684	0.13229664	-0.08886115	-0.08886115	-0.080059126	-0.06896362	0.13487624	0.13487624	0.023858117	-0.06943983	-0.04762585	0.050419677	-0.054276455	-0.013650815	0.014491044	0.014491044	0.0024657268	0.006569087	-0.0028363972	-0.002836399	-0.020820962	-0.013959863	-0.042730864	-0.016349524	-0.036676724	-0.007436111	-0.061706867	0.08094163	-0.040648136	0.0074008633	-0.041395713	0.06357925	0.13719775	-0.041395713	0.10916494	-0.0825593	0.05682083	0.09605771	-0.13536382	0.07860344	-0.13712087	-0.048840076	-0.009953103	0.010846319	0.010846319	0.061154418	0.076346874	0.076346874	0.076346874	0.075114645
-0.049381442	0.018879553	-0.46220756	-0.45244357	-0.021400958	0.35860768	-0.7080304	0.34559447	0.29589063	0.29892397	0.35136294	0.3889091	-0.21515015	0.33680877	-0.44878954	0.37894395	0.74490607	-0.20164935	0.6285356	-0.44664165	-0.62715787	-0.62166053	0.1960906	-0.18477866	0.18816656	0.60850614	-0.35774973	0.62547845	0.99999994	-0.45738623	0.49680978	0.33707374	-0.23987934	-0.020989424	-0.14572114	0.022731159	-0.17391	-0.1678693	-0.12756887	0.068237714	-0.1577088	-0.1577088	-0.1931613	0.11429263	-0.0044765337	0.118481405	0.071719274	-0.32256162	0.043261047	0.10428623	0.14810243	-0.12488174	0.039581362	0.14810243	-0.24293584	-0.15880811	-0.071930856	-0.11872503	-0.06467722	0.014050838	0.01841686	0.01057886	0.01057886	0.014780726	0.1102595	0.014050838	0.014050838	0.1401429	-0.06552609	0.0845294	0.15124927	-0.104342684	0.00042147323	0.07481949	0.07481949	0.05819272	0.07090805	0.063178256	0.063178256	0.012295631	0.020200053	-0.1025262	0.016238295	-0.09635594	0.024219442	-0.07393854	0.0267067	-0.052009404	-0.0013217931	-0.04203432	0.04327628	0.11581137	-0.04203432	0.063347995	-0.07574754	0.02326206	0.074205644	-0.14655647	0.022261249	-0.14512727	0.01890219	-0.07245917	-0.05411931	-0.05411931	0.095280886	0.077350385	0.077350385	0.077350385	0.091414236
-0.079624325	0.06285006	0.17570153	0.15754253	0.095187664	-0.23444189	0.036394436	-0.14219192	0.07228896	0.05638657	0.3864957	-0.15776274	0.7425868	-0.1393093	0.9705359	0.40322214	-0.34833464	0.7619544	-0.30499613	0.9672061	-0.32385233	-0.32390076	0.48987147	0.7597129	0.50970244	-0.30020916	0.7444848	-0.2955647	-0.45738623	1.0000004	-0.20713344	-0.18095851	-0.04047157	-0.061597455	0.24985938	0.09970248	-0.044943172	-0.047654577	0.15650165	-0.054303363	0.1879688	0.1879688	0.04039051	-0.06897209	0.16916353	-0.071040116	0.030418903	0.00034955188	-0.04987054	0.036528245	-0.06846383	-0.02346421	-0.04830874	-0.06846383	0.023967197	0.05521336	-0.052806966	0.08956011	-0.042744342	0.015348028	0.013231607	0.015370453	0.015370453	0.016683973	-0.053018034	0.015348028	0.015348028	-0.070519544	0.07852926	0.039647732	-0.023199327	-0.0061946744	0.05669213	0.083691254	0.083691254	0.07683357	0.09045727	0.08683755	0.08683755	0.07597989	0.078046754	-0.008754639	0.08105559	-0.014110322	0.07628186	-0.021133376	0.07029795	-0.023318792	0.05997237	0.06275189	0.09705167	0.04228231	0.06275189	0.078715295	0.009981626	0.055474028	0.039860014	-0.033813074	0.07639341	-0.05331012	0.032213688	0.104725644	0.08111523	0.08111523	-0.0095493505	0.007467611	0.007467611	0.007467611	-0.011480091
