0	1	2	3	4	5	6	7	8	9	10	11	12	13	14	15	16	17	18	19	20	21	22	23	24	25	26	27	28	29	30	31	32	33	34	35	36	37	38	39	40	41	42	43	44	45	46	47	48	49	50	51	52	53	54	55	56	57	58	59	60	61	62	63	64	65	66	67	68	69	70	71	72	73	74	75	76	77	78	79	80	81	82	83	84	85	86	87	88	89	90	91	92	93	94	95	96	97	98	99	100	101	102	103	104	105	106	107	108
0.9999997	-0.070929214	-0.16515821	-0.16515821	-0.06280081	-0.074489616	0.15754001	-0.040205423	-0.13339426	-0.14256753	-0.14028563	-0.08074129	-0.15301463	-0.06372931	-0.14507125	-0.1344119	-0.013684489	-0.14507125	-0.013684489	-0.14507125	0.16722761	0.16853523	-0.13346773	-0.13452685	-0.14778996	-0.004899616	-0.15261759	0.004116683	-0.027961742	-0.13068816	-0.056164723	-0.07715037	0.14898072	0.119724415	-0.060191747	-0.024532905	0.15606721	0.12449895	-0.0310508	-0.0825467	-0.046587765	-0.04445049	0.13443495	-0.0855173	0.1408879	-0.08254671	0.012571331	-0.1323719	-0.08890451	0.08517953	-0.053179387	-0.11019041	-0.11622	-0.053179387	0.0034267302	-0.10284292	-0.08062118	0.0980408	-0.055163257	-0.015191665	-0.005005874	0.058666848	0.058666848	0.063884646	-0.07948019	-0.006296039	-0.006296039	-0.06623669	0.114789754	0.0629326	-0.057874937	-0.11324756	-0.120800495	-0.028812325	-0.028812325	-0.009109003	-0.028812325	-0.013200329	-0.013200329	-0.109139316	-0.1068598	-0.10270067	-0.105491966	-0.109356835	-0.10828495	-0.11305216	-0.17426294	-0.15670954	-0.0072105937	-0.14577535	-0.11468985	0.045807607	-0.14721929	-0.12117445	-0.155268	-0.119574435	-0.014142646	-0.08562478	-0.0013704796	0.0118188	0.020528065	-0.033650264	-0.032586765	-0.030405475	-0.121678896	-0.13769469	-0.13679011	-0.13679011	-0.12879144
-0.070929214	0.99999887	-0.42666245	-0.42666245	0.9835522	-0.39955148	-0.42820963	-0.04167528	0.7270126	0.71111876	0.4071508	-0.08174774	0.71759176	-0.06675209	0.7106189	0.3994791	-0.23745275	0.7106189	-0.23745275	0.7106189	-0.35318777	-0.35713735	0.34858632	0.54710734	0.3709663	-0.23875451	0.68098545	-0.19237353	-0.3007727	0.6565939	-0.045725483	0.15258865	-0.092743576	-0.12580971	-0.13620019	-0.0075968485	-0.015292826	-0.024345072	-0.11498633	0.15974788	-0.15955123	-0.15020503	-0.04946128	0.16503197	-0.026175598	0.1548349	-0.09902854	-0.17892963	-0.10166975	0.1921266	0.00704722	-0.100181326	-0.024008974	0.00704722	-0.112259865	-0.0065603256	-0.0552514	-0.0335392	0.0009621781	0.07466157	0.084061824	-0.074672826	-0.074672826	-0.07972941	-0.0208023	0.082063496	0.082063496	-0.025703067	-0.051502418	-0.061226122	0.021592375	-0.049926855	-0.02829158	0.040233795	0.040233795	0.003959879	0.040233795	0.033820026	0.033820026	-0.0110292295	-0.020383127	-0.033083785	-0.01780434	-0.03043681	-0.017202662	-0.016487064	-0.01135816	0.016115198	-0.020207535	4.474636e-05	0.025493762	0.05021193	-0.008196933	-0.014451562	-0.02205703	0.0039885524	-0.025164522	-0.02637372	0.016865553	-0.06972265	0.019835573	0.018326085	0.016503634	0.021250702	0.036710404	0.041970897	0.039829623	0.039829623	0.03536344
-0.16515821	-0.42666245	1.0000006	1.0000006	-0.42605093	-0.37975422	0.6701207	-0.09875934	-0.34086433	-0.3734436	-0.56865895	-0.0277392	-0.30861002	-0.041865397	-0.2997789	-0.51028	-0.25395775	-0.2997789	-0.25395775	-0.2997789	0.5925973	0.52239186	-0.48531428	-0.33833736	-0.53001565	-0.25004905	-0.29969394	-0.25896367	-0.30654418	-0.27234322	0.011534102	0.15876105	-0.074764006	-0.10159701	-0.11169746	0.028832935	-0.0072009084	-0.032005254	-0.05828665	0.077044524	-0.096438065	-0.08345363	-0.015506774	0.08144257	-0.025887465	0.07704451	0.07201218	-0.024781378	0.13132495	-0.09455846	-0.005342202	0.04305389	0.07368222	-0.005342202	-0.054969426	0.059847742	-0.06421866	0.07419332	0.085109435	-0.10273819	-0.10619669	0.016198987	0.016198987	0.020243017	0.0826323	-0.104899526	-0.104899526	0.08604561	-0.03604376	0.03163832	0.07580506	0.13837291	0.13962923	0.017791076	0.017791076	0.081439644	0.017791076	0.011321325	0.011321325	0.13401076	0.13971819	0.13655165	0.13761596	0.134452	0.13914484	0.11045592	0.12888357	0.10456144	-0.053536806	0.06618092	0.07456338	0.023583379	0.0684085	0.087700576	0.1308185	0.13543594	-0.050341617	0.03803872	0.052210413	0.04129386	0.007912098	0.045178644	0.02980758	0.026323255	-0.0024630295	0.026077222	0.024156285	0.024156285	0.0003545428
-0.16515821	-0.42666245	1.0000006	1.0000006	-0.42605093	-0.37975422	0.6701207	-0.09875934	-0.34086433	-0.3734436	-0.56865895	-0.0277392	-0.30861002	-0.041865397	-0.2997789	-0.51028	-0.25395775	-0.2997789	-0.25395775	-0.2997789	0.5925973	0.52239186	-0.48531428	-0.33833736	-0.53001565	-0.25004905	-0.29969394	-0.25896367	-0.30654418	-0.27234322	0.011534102	0.15876105	-0.074764006	-0.10159701	-0.11169746	0.028832935	-0.0072009084	-0.032005254	-0.05828665	0.077044524	-0.096438065	-0.08345363	-0.015506774	0.08144257	-0.025887465	0.07704451	0.07201218	-0.024781378	0.13132495	-0.09455846	-0.005342202	0.04305389	0.07368222	-0.005342202	-0.054969426	0.059847742	-0.06421866	0.07419332	0.085109435	-0.10273819	-0.10619669	0.016198987	0.016198987	0.020243017	0.0826323	-0.104899526	-0.104899526	0.08604561	-0.03604376	0.03163832	0.07580506	0.13837291	0.13962923	0.017791076	0.017791076	0.081439644	0.017791076	0.011321325	0.011321325	0.13401076	0.13971819	0.13655165	0.13761596	0.134452	0.13914484	0.11045592	0.12888357	0.10456144	-0.053536806	0.06618092	0.07456338	0.023583379	0.0684085	0.087700576	0.1308185	0.13543594	-0.050341617	0.03803872	0.052210413	0.04129386	0.007912098	0.045178644	0.02980758	0.026323255	-0.0024630295	0.026077222	0.024156285	0.024156285	0.0003545428
-0.06280081	0.9835522	-0.42605093	-0.42605093	1.0000005	-0.39856687	-0.42797783	-0.042136542	0.7350573	0.70357096	0.41165674	-0.08265232	0.72009087	-0.0674908	0.71301365	0.40867844	-0.2290809	0.71301365	-0.2290809	0.71301365	-0.36201876	-0.36594233	0.3524437	0.543054	0.3799749	-0.23033649	0.6829945	-0.18370855	-0.2936791	0.6582072	-0.046231437	0.15928943	-0.09376983	-0.1321003	-0.13227104	-0.0076809227	-0.021152435	-0.03009576	-0.11045804	0.16151553	-0.15535486	-0.14596222	-0.05547292	0.1668579	-0.031891506	0.15654822	-0.10493212	-0.17122838	-0.09768153	0.18450163	0.007125118	-0.09631079	-0.02427467	0.007125118	-0.10576696	-0.0066329595	-0.06333091	-0.017334253	0.008284533	0.06593647	0.075480394	-0.070478484	-0.070478484	-0.0756053	-0.030630738	0.07340094	0.07340094	-0.035529386	-0.0411373	-0.056849226	0.011586528	-0.040140554	-0.023599645	0.029114665	0.029114665	-0.0036994773	0.029114665	0.022740612	0.022740612	-0.011151333	-0.02060859	-0.028445477	-0.01800137	-0.025771273	-0.017392956	-0.011158872	-0.011483717	0.028222317	-0.029488545	0.005483124	0.025775824	0.040618233	-0.002849207	-0.024886388	-0.022301096	-0.001462231	-0.034363054	-0.021777572	0.0037801529	-0.07049413	0.014932113	0.009967439	0.007856678	0.012614893	0.037116554	0.037570868	0.035392493	0.035392493	0.04098688
-0.074489616	-0.39955148	-0.37975422	-0.37975422	-0.39856687	1.0000005	-0.43706843	-0.13319734	-0.34854218	-0.28988743	0.45096388	-0.13035242	-0.26353565	-0.14307031	-0.2543189	0.31630582	0.647427	-0.2543189	0.647427	-0.2543189	-0.3576792	-0.28382176	0.33314106	-0.14655302	0.4241969	0.63485694	-0.22993183	0.6010541	0.6451049	-0.25217178	-0.05748216	-0.27133906	-0.01114259	0.21461156	0.33506274	0.016708039	-0.10009836	-0.054178685	0.25107682	-0.2121486	0.31839332	0.29733494	-0.049441632	-0.21912257	-0.051178727	-0.2121486	-0.05086288	0.23941043	-0.042917214	-0.12094737	0.060972944	0.14994815	-0.0008944712	0.060972944	0.23618197	-0.008677592	0.12474761	-0.05799654	-0.04506419	0.024282362	0.020742008	0.018002758	0.018002758	0.016707178	-0.015802417	0.017951157	0.017951157	-0.021530837	0.014148526	-0.017970365	-0.05391148	-0.07924909	-0.107142486	-0.04361452	-0.04361452	-0.043478746	-0.04361452	-0.039055955	-0.039055955	-0.086544916	-0.080826774	-0.067784235	-0.08252094	-0.06470455	-0.080189556	-0.058220867	-0.050070096	-0.054399457	0.06204518	-0.014313577	-0.06816323	-0.10776107	-0.0070640766	-0.047636162	-0.039202366	-0.10312153	0.070778996	0.019304156	-0.08422593	0.03983569	0.0050605866	-0.052005388	-0.03308669	-0.03644987	-0.025938982	-0.045743387	-0.042893413	-0.042893413	-0.019426567
0.15754001	-0.42820963	0.6701207	0.6701207	-0.42797783	-0.43706843	1.0	-0.13736096	-0.5181123	-0.5566492	-0.84483504	-0.09710401	-0.48449332	-0.10182485	-0.48220485	-0.7275565	-0.39145347	-0.48220485	-0.39145347	-0.48220485	0.84887403	0.75377846	-0.6742749	-0.43172514	-0.8211076	-0.37383595	-0.46980345	-0.4070602	-0.4606627	-0.43537787	-0.074160144	0.07753024	0.092344426	-0.03495771	-0.17259344	-0.045338914	0.14598446	0.10384447	-0.09856368	-0.008848823	-0.11092232	-0.09964902	0.117856614	-0.011674848	0.113686524	-0.017725332	0.13518573	-0.0871459	0.07290682	-0.015957829	-0.055058762	-0.045098137	0.0007441901	-0.055058762	-0.08065038	-0.0101538235	-0.031975914	0.080693506	-0.010104997	-0.054948024	-0.052060433	0.04568993	0.04568993	0.051705863	0.040508516	-0.055858374	-0.055858374	0.050391674	0.027310336	0.065488	0.0444167	0.04107928	0.04612334	0.0062725567	0.0062725567	0.035845175	0.0062725567	-0.0021063527	-0.0021063527	0.050711144	0.05356669	0.055116754	0.05270935	0.04978819	0.04950853	0.033432268	0.021985713	-0.008032417	-0.08013717	-0.05148624	-0.0045774276	0.0870628	-0.045722447	0.018647444	0.038964596	0.08392369	-0.08241597	-0.059318405	0.07487321	-0.011429209	-0.0029024512	0.01886139	0.00911924	0.007678934	-0.0103316195	-0.003957824	-0.0047842204	-0.0047842204	-0.019010378
-0.040205423	-0.04167528	-0.09875934	-0.09875934	-0.042136542	-0.13319734	-0.13736096	1.0000007	0.3137521	0.28882197	-0.16492996	0.8503757	-0.03912255	0.821708	-0.03933247	-0.17508867	-0.14718556	-0.03933247	-0.14718556	-0.03933247	-0.1290312	-0.12248561	-0.17300066	-0.03586666	-0.1585991	-0.14799222	-0.0340787	-0.1376255	0.1833717	-0.04270866	0.3595557	0.06433133	-0.064571075	-0.034736477	-0.016937992	0.03616204	-0.07419101	-0.042312022	-0.053276505	0.079605825	-0.04331865	-0.046679605	-0.045675565	0.078663185	-0.05021356	0.093494244	0.11824276	0.10064516	0.16852203	-0.11563019	0.008382879	-0.0013892908	0.047249064	0.008382879	-0.06951225	0.04193267	-0.06138206	-0.02842428	0.010455383	0.036393445	0.037458614	-0.04150048	-0.04150048	-0.04266186	-0.0029569475	0.037078593	0.037078593	-0.0041599395	-0.036517322	-0.03596158	0.009945004	0.09480311	0.09097463	-0.0033610675	-0.0033610675	0.0012985099	-0.0033610675	-0.004793619	-0.004793619	0.049958862	0.051334817	0.0554746	0.05191541	0.05609145	0.054464407	0.062078893	0.048798542	0.03023204	0.020217353	0.040396895	0.026195697	-0.023716152	0.039705075	0.018933346	-0.019049337	-0.015714874	0.01648823	-0.040573724	3.8518232e-05	-0.010102576	0.003811745	-0.0005971719	-0.017398965	-0.01634619	0.031531956	0.015721602	0.016388655	0.016388655	0.027219944
-0.13339426	0.7270126	-0.34086433	-0.34086433	0.7350573	-0.34854218	-0.5181123	0.3137521	1.0000002	0.9084795	0.38384596	0.23936377	0.7967944	0.24504635	0.7849362	0.36639646	-0.35153195	0.7849362	-0.35153195	0.7849362	-0.44916034	-0.43450305	0.29585367	0.6136859	0.35332268	-0.35345918	0.7558306	-0.28799096	-0.27074346	0.7105347	0.116378784	0.1698061	-0.054923557	-0.18923625	-0.15927567	0.018315664	-0.05071452	-0.062450472	-0.17637943	0.20678703	-0.18228467	-0.17246719	-0.09238731	0.21724494	-0.068553805	0.2165528	-0.03633481	-0.10650085	0.013427659	0.09518649	0.043480694	-0.06208129	0.030304236	0.043480694	-0.14058048	0.032700922	-0.06869508	-0.06340451	0.03148418	0.027552195	0.036991756	-0.057439577	-0.057439577	-0.0624108	-0.014005565	0.034766205	0.034766205	-0.018817993	-0.048024997	-0.049395904	0.0073906924	0.07653952	0.07665314	-0.011414869	-0.011414869	-0.040569708	-0.011414869	-0.0059220144	-0.0059220144	0.043876622	0.034623276	0.040725674	0.037091706	0.043274987	0.037550364	0.06631042	0.03895785	0.10314483	-0.013605192	0.08331614	0.07197585	-0.013502877	0.07518788	0.032789394	0.030010091	0.02829905	-0.018356904	0.035562515	-0.018525347	-0.051064212	0.01757836	0.00066487753	0.015031143	0.01965208	0.02806591	0.033502378	0.03130183	0.03130183	0.03227061
-0.14256753	0.71111876	-0.3734436	-0.3734436	0.70357096	-0.28988743	-0.5566492	0.28882197	0.9084795	1.0000018	0.43208015	0.21451795	0.8879175	0.21854842	0.867418	0.4150806	-0.37252134	0.867418	-0.37252134	0.867418	-0.48151422	-0.47020394	0.347008	0.67433625	0.3953024	-0.37456375	0.8287044	-0.31089404	-0.306007	0.7977678	0.10670918	0.18530221	-0.07669273	-0.12776929	-0.15800975	0.0030211173	0.03415982	0.022420755	-0.18226057	0.13480791	-0.1774373	-0.17536536	-0.007586952	0.13918465	0.011993826	0.14398463	-0.005945983	-0.15260623	-0.049764078	0.14656837	0.02267708	-0.116682656	-0.040715102	0.02267708	-0.1202912	-0.031815764	0.03229714	-0.040565364	0.06515162	0.041829944	0.046806805	-0.082148306	-0.082148306	-0.08733489	-0.04315035	0.0445052	0.0445052	-0.048064552	-0.065571144	-0.081408314	-0.018965617	0.021641364	0.014561542	-0.03171252	-0.03171252	-0.05918835	-0.03171252	-0.027032446	-0.027032446	-0.0062978556	-0.014536816	-0.00041320518	-0.011889214	0.0022959928	-0.010348892	0.02133459	0.0019065482	0.07743996	-0.008696997	0.063304916	0.043973118	-0.031399276	0.055341862	-0.0056729387	-0.0019716849	-0.011639216	-0.014817202	0.042851064	-0.03494325	-0.071486	0.010979159	0.0032224783	0.012327175	0.017189002	0.046152722	0.046970125	0.045235276	0.045235276	0.04804818
-0.14028563	0.4071508	-0.56865895	-0.56865895	0.41165674	0.45096388	-0.84483504	-0.16492996	0.38384596	0.43208015	1.0000012	-0.22042467	0.5341837	-0.20519578	0.52739656	0.8503304	0.4768846	0.52739656	0.4768846	0.52739656	-0.8778626	-0.7667285	0.80076	0.49213025	0.9444061	0.4648624	0.508851	0.4934555	0.43561846	0.47813618	-0.10227913	-0.10271768	-0.09188426	0.053545747	0.19979374	-0.07091113	-0.11039169	-0.064231984	0.123569965	-0.029819814	0.13782424	0.122512564	-0.08662456	-0.031152258	-0.0714686	-0.02543749	-0.18498106	0.05256801	-0.12466636	0.04539252	0.00793538	0.03382658	-0.048284736	0.00793538	0.12527518	-0.022748005	0.067077234	-0.056154694	0.04860075	0.03866389	0.039654553	-0.06586183	-0.06586183	-0.07130151	-0.036670834	0.035099108	0.035099108	-0.04602885	-0.0490386	-0.07863352	-0.05385364	-0.06987832	-0.09492149	-0.05419277	-0.05419277	-0.0123629365	-0.05419277	-0.044956747	-0.044956747	-0.051292937	-0.05454462	-0.03578889	-0.053910974	-0.030755343	-0.051610395	-0.04819239	-0.022503145	0.007570247	0.09904618	0.062227774	0.006642793	-0.10303608	0.05677699	-0.004739801	-0.012766102	-0.073049426	0.102171615	0.052151702	-0.05265395	0.0116736945	0.044284638	0.014540924	0.045847394	0.047136597	0.0065491293	0.027757037	0.028423948	0.028423948	0.016534874
-0.08074129	-0.08174774	-0.0277392	-0.0277392	-0.08265232	-0.13035242	-0.09710401	0.8503757	0.23936377	0.21451795	-0.22042467	0.99999785	-0.06474744	0.9663904	-0.06509487	-0.22467525	-0.17619638	-0.06509487	-0.17619638	-0.06509487	-0.121934205	-0.12479707	-0.21898167	-0.06653658	-0.20416602	-0.17716222	-0.05927822	-0.1688063	0.18864499	-0.065748826	0.62930036	0.082886726	-0.07079459	-0.026350843	-0.029359806	0.26506114	-0.09802943	-0.05851555	-0.070336275	0.061659034	-0.05918453	-0.06294402	-0.034829535	0.060455386	-0.06746833	0.074162416	0.14318411	0.12971908	0.21181396	-0.18046375	0.08337086	0.04398277	0.096356906	0.08337086	-0.09026769	0.067980036	-0.08058532	-0.0667065	-0.018136708	0.007822462	-0.014758381	0.012191151	0.012191151	0.010689063	0.0010045383	0.0085392725	0.0085392725	-0.00039952807	0.020715274	0.018938495	0.016083661	0.06722395	0.09507652	0.06759709	0.06759709	0.05260753	0.06759709	0.06527251	0.06527251	0.06724891	0.06885151	0.042949874	0.06950862	0.043665238	0.0724402	0.04591005	0.053686276	-0.00630487	0.066690266	0.035087742	0.025306253	-0.015561847	0.03429396	0.01699147	-0.05051196	-0.041896917	0.061756246	-0.031948786	0.0015628224	0.0027461408	-0.00032168566	0.04045672	-0.015894935	-0.014669686	0.0143734	0.012448139	0.013197216	0.013197216	-0.0035320737
-0.15301463	0.71759176	-0.30861002	-0.30861002	0.72009087	-0.26353565	-0.48449332	-0.03912255	0.7967944	0.8879175	0.5341837	-0.06474744	1.0000005	-0.050230104	0.97326607	0.54591835	-0.33388993	0.97326607	-0.33388993	0.97326607	-0.49737814	-0.5069525	0.47604072	0.75275683	0.5034416	-0.33571926	0.93562937	-0.27123123	-0.39372212	0.8950105	-0.00819766	0.20976014	-0.08583762	-0.14452286	-0.17978944	-0.0060579595	0.060511284	0.028141044	-0.18594527	0.13318835	-0.18591635	-0.1820003	-0.0020332376	0.1383707	0.020896362	0.13804646	-0.025123343	-0.17506129	-0.06720292	0.15951692	0.025424637	-0.10784998	-0.036774173	0.025424637	-0.11319206	-0.030996112	0.06714664	-0.01977291	0.09211427	0.022625085	0.027424013	-0.08837604	-0.08837604	-0.093273126	-0.063524716	0.025132213	0.025132213	-0.06806049	-0.06401206	-0.08534082	-0.035140995	0.0047087898	-0.008507626	-0.047449686	-0.047449686	-0.028679026	-0.047449686	-0.03048465	-0.03048465	0.0132768955	0.0040310835	0.020035578	0.006531559	0.022600647	0.0022687647	0.012582914	0.022571243	0.080779634	0.037035532	0.0933637	0.07015627	-0.035845313	0.08525564	0.020891957	0.019698799	0.0012737183	0.03143091	0.05190993	-0.009579926	-0.05711872	0.020343103	0.031089978	0.037952535	0.042694256	0.041605767	0.058484733	0.05638434	0.05638434	0.045532346
-0.06372931	-0.06675209	-0.041865397	-0.041865397	-0.0674908	-0.14307031	-0.10182485	0.821708	0.24504635	0.21854842	-0.20519578	0.9663904	-0.050230104	1.0	-0.07722164	-0.22025117	-0.17167442	-0.07722164	-0.17167442	-0.07722164	-0.13622102	-0.14160359	-0.21351202	-0.067413785	-0.2139794	-0.17261568	-0.07127109	-0.16514795	0.20340401	-0.07723261	0.69491506	0.07218437	-0.044405196	-0.023978246	-0.04190663	0.25478718	-0.08206415	-0.04553689	-0.08021214	0.060639475	-0.06881415	-0.072653346	-0.022864679	0.059373453	-0.05499871	0.07277242	0.1312517	0.11882117	0.2041628	-0.16806078	0.07779914	0.037041306	0.093743086	0.07779914	-0.09654891	0.066878304	-0.0863892	-0.078029945	-0.026510343	0.01896454	-0.0028980072	0.0074193217	0.0074193217	0.0058725975	-0.0056539206	0.01973164	0.01973164	-0.0070744175	0.019629547	0.014399035	0.009572291	0.063578464	0.08837112	0.060191687	0.060191687	0.042599455	0.060191687	0.05787158	0.05787158	0.048726503	0.050337557	0.027191924	0.051037952	0.027942842	0.05406276	0.032349028	0.035438918	-0.016961029	0.058275204	0.020351537	0.008359635	-0.021491686	0.019524846	-0.0002609008	-0.059806447	-0.054105	0.05331335	-0.025541432	-0.008795161	0.022174118	-0.018210214	0.03160649	-0.022687562	-0.021442581	0.009414596	0.003606503	0.0043595685	0.0043595685	-0.008236454
-0.14507125	0.7106189	-0.2997789	-0.2997789	0.71301365	-0.2543189	-0.48220485	-0.03933247	0.7849362	0.867418	0.52739656	-0.06509487	0.97326607	-0.07722164	1.0000002	0.54884726	-0.3519036	1.0000002	-0.3519036	1.0000002	-0.49520597	-0.50012904	0.4785939	0.77666944	0.5157853	-0.35383177	0.96238184	-0.28860542	-0.4163281	0.92204124	-0.043479286	0.20595708	-0.09315459	-0.13566554	-0.15402676	-0.00609064	0.03845561	0.012123542	-0.16412757	0.12901874	-0.16346586	-0.15975286	-0.01816274	0.13420828	0.0050025154	0.13390288	-0.039440013	-0.16648115	-0.07761848	0.15557858	0.025560975	-0.10842839	-0.047337674	0.025560975	-0.098588176	-0.041868877	0.06750658	-0.025311869	0.08541918	0.036833618	0.041599702	-0.09872331	-0.09872331	-0.103618346	-0.06386549	0.039382502	0.039382502	-0.0684255	-0.07510736	-0.095738456	-0.035329483	0.00981689	-0.008553289	-0.047704205	-0.047704205	-0.006109913	-0.047704205	-0.030648133	-0.030648133	0.027679503	0.018421397	0.034905035	0.020923486	0.037477877	0.016653547	0.018068837	0.03226267	0.075348504	0.055045858	0.099211365	0.07559093	-0.036037553	0.09106024	0.041210014	0.0315431	0.012086373	0.049140632	0.05218839	0.0034184842	-0.04795743	0.030526506	0.039674886	0.04683786	0.051645663	0.057409577	0.07793045	0.07587161	0.07587161	0.061210204
-0.1344119	0.3994791	-0.51028	-0.51028	0.40867844	0.31630582	-0.7275565	-0.17508867	0.36639646	0.4150806	0.8503304	-0.22467525	0.54591835	-0.22025117	0.54884726	1.0000011	0.5423745	0.54884726	0.5423745	0.54884726	-0.8425486	-0.9078858	0.943201	0.39369142	0.85317224	0.5358475	0.5343164	0.5593636	0.31230396	0.49822098	-0.13424346	-0.105455905	-0.09702452	0.080198675	0.22303893	-0.0605309	-0.11431458	-0.059711996	0.14742795	-0.048941422	0.1588651	0.14477505	-0.08054802	-0.049965806	-0.069121994	-0.044674464	-0.16545485	0.067677796	-0.12972157	0.048699155	-0.025088252	0.0057176077	-0.08408602	-0.025088252	0.1335395	-0.05341834	0.08770409	-0.06485987	-0.009271009	0.116614014	0.11691046	-0.08311884	-0.08311884	-0.088003345	-0.061863136	0.11313096	0.11313096	-0.07048054	-0.046087645	-0.08428126	-0.057613593	-0.06666316	-0.08304631	-0.023832535	-0.023832535	-0.022025084	-0.023832535	-0.014707011	-0.014707011	-0.046064127	-0.049568176	-0.04408796	-0.049127962	-0.039361782	-0.05176591	-0.046618603	-0.038580593	-0.02622422	0.11130408	0.038690366	-0.0072763585	-0.086566545	0.033575363	-0.03838802	-0.056521434	-0.104069375	0.10741502	0.018977676	-0.026404012	0.00065343233	0.044454556	0.02635903	0.05501624	0.05600308	-0.023054078	0.006680546	0.007099639	0.007099639	-0.011932173
-0.013684489	-0.23745275	-0.25395775	-0.25395775	-0.2290809	0.647427	-0.39145347	-0.14718556	-0.35153195	-0.37252134	0.4768846	-0.17619638	-0.33388993	-0.17167442	-0.3519036	0.5423745	0.9999991	-0.3519036	0.9999991	-0.3519036	-0.42002228	-0.48365062	0.5425444	-0.39812627	0.49434292	0.9836138	-0.337952	0.947623	0.7971288	-0.33569145	-0.11457241	-0.28348115	-0.08676598	0.19287829	0.42019415	-0.053250775	-0.20885251	-0.11244102	0.33389795	-0.16000889	0.34251395	0.32388413	-0.104693204	-0.16586603	-0.112983555	-0.16000889	-0.14897127	0.24414633	-0.06287492	-0.10867384	-0.0413914	0.13217446	-0.031960618	-0.0413914	0.25263155	-0.0044200476	0.00881024	-0.047298335	-0.087595396	0.07952401	0.07473612	0.009937201	0.009937201	0.009651456	0.002209433	0.072710685	0.072710685	-0.0027651915	0.02718296	0.00867417	-0.025393214	-0.082116604	-0.09271413	-0.0022341069	-0.0022341069	-0.013758337	-0.0022341069	0.00315449	0.00315449	-0.07783685	-0.07297367	-0.07869477	-0.07519495	-0.076061234	-0.07477636	-0.074445434	-0.07340725	-0.08344301	0.064298436	-0.040022653	-0.08165741	-0.08640016	-0.037477776	-0.08045944	-0.07450686	-0.12365334	0.06704335	-0.020012017	-0.055605557	0.06600861	0.010434221	-0.01089192	0.012176708	0.008076923	-0.07804307	-0.06591575	-0.06356086	-0.06356086	-0.06776833
-0.14507125	0.7106189	-0.2997789	-0.2997789	0.71301365	-0.2543189	-0.48220485	-0.03933247	0.7849362	0.867418	0.52739656	-0.06509487	0.97326607	-0.07722164	1.0000002	0.54884726	-0.3519036	1.0000002	-0.3519036	1.0000002	-0.49520597	-0.50012904	0.4785939	0.77666944	0.5157853	-0.35383177	0.96238184	-0.28860542	-0.4163281	0.92204124	-0.043479286	0.20595708	-0.09315459	-0.13566554	-0.15402676	-0.00609064	0.03845561	0.012123542	-0.16412757	0.12901874	-0.16346586	-0.15975286	-0.01816274	0.13420828	0.0050025154	0.13390288	-0.039440013	-0.16648115	-0.07761848	0.15557858	0.025560975	-0.10842839	-0.047337674	0.025560975	-0.098588176	-0.041868877	0.06750658	-0.025311869	0.08541918	0.036833618	0.041599702	-0.09872331	-0.09872331	-0.103618346	-0.06386549	0.039382502	0.039382502	-0.0684255	-0.07510736	-0.095738456	-0.035329483	0.00981689	-0.008553289	-0.047704205	-0.047704205	-0.006109913	-0.047704205	-0.030648133	-0.030648133	0.027679503	0.018421397	0.034905035	0.020923486	0.037477877	0.016653547	0.018068837	0.03226267	0.075348504	0.055045858	0.099211365	0.07559093	-0.036037553	0.09106024	0.041210014	0.0315431	0.012086373	0.049140632	0.05218839	0.0034184842	-0.04795743	0.030526506	0.039674886	0.04683786	0.051645663	0.057409577	0.07793045	0.07587161	0.07587161	0.061210204
-0.013684489	-0.23745275	-0.25395775	-0.25395775	-0.2290809	0.647427	-0.39145347	-0.14718556	-0.35153195	-0.37252134	0.4768846	-0.17619638	-0.33388993	-0.17167442	-0.3519036	0.5423745	0.9999991	-0.3519036	0.9999991	-0.3519036	-0.42002228	-0.48365062	0.5425444	-0.39812627	0.49434292	0.9836138	-0.337952	0.947623	0.7971288	-0.33569145	-0.11457241	-0.28348115	-0.08676598	0.19287829	0.42019415	-0.053250775	-0.20885251	-0.11244102	0.33389795	-0.16000889	0.34251395	0.32388413	-0.104693204	-0.16586603	-0.112983555	-0.16000889	-0.14897127	0.24414633	-0.06287492	-0.10867384	-0.0413914	0.13217446	-0.031960618	-0.0413914	0.25263155	-0.0044200476	0.00881024	-0.047298335	-0.087595396	0.07952401	0.07473612	0.009937201	0.009937201	0.009651456	0.002209433	0.072710685	0.072710685	-0.0027651915	0.02718296	0.00867417	-0.025393214	-0.082116604	-0.09271413	-0.0022341069	-0.0022341069	-0.013758337	-0.0022341069	0.00315449	0.00315449	-0.07783685	-0.07297367	-0.07869477	-0.07519495	-0.076061234	-0.07477636	-0.074445434	-0.07340725	-0.08344301	0.064298436	-0.040022653	-0.08165741	-0.08640016	-0.037477776	-0.08045944	-0.07450686	-0.12365334	0.06704335	-0.020012017	-0.055605557	0.06600861	0.010434221	-0.01089192	0.012176708	0.008076923	-0.07804307	-0.06591575	-0.06356086	-0.06356086	-0.06776833
-0.14507125	0.7106189	-0.2997789	-0.2997789	0.71301365	-0.2543189	-0.48220485	-0.03933247	0.7849362	0.867418	0.52739656	-0.06509487	0.97326607	-0.07722164	1.0000002	0.54884726	-0.3519036	1.0000002	-0.3519036	1.0000002	-0.49520597	-0.50012904	0.4785939	0.77666944	0.5157853	-0.35383177	0.96238184	-0.28860542	-0.4163281	0.92204124	-0.043479286	0.20595708	-0.09315459	-0.13566554	-0.15402676	-0.00609064	0.03845561	0.012123542	-0.16412757	0.12901874	-0.16346586	-0.15975286	-0.01816274	0.13420828	0.0050025154	0.13390288	-0.039440013	-0.16648115	-0.07761848	0.15557858	0.025560975	-0.10842839	-0.047337674	0.025560975	-0.098588176	-0.041868877	0.06750658	-0.025311869	0.08541918	0.036833618	0.041599702	-0.09872331	-0.09872331	-0.103618346	-0.06386549	0.039382502	0.039382502	-0.0684255	-0.07510736	-0.095738456	-0.035329483	0.00981689	-0.008553289	-0.047704205	-0.047704205	-0.006109913	-0.047704205	-0.030648133	-0.030648133	0.027679503	0.018421397	0.034905035	0.020923486	0.037477877	0.016653547	0.018068837	0.03226267	0.075348504	0.055045858	0.099211365	0.07559093	-0.036037553	0.09106024	0.041210014	0.0315431	0.012086373	0.049140632	0.05218839	0.0034184842	-0.04795743	0.030526506	0.039674886	0.04683786	0.051645663	0.057409577	0.07793045	0.07587161	0.07587161	0.061210204
0.16722761	-0.35318777	0.5925973	0.5925973	-0.36201876	-0.3576792	0.84887403	-0.1290312	-0.44916034	-0.48151422	-0.8778626	-0.121934205	-0.49737814	-0.13622102	-0.49520597	-0.8425486	-0.42002228	-0.49520597	-0.42002228	-0.49520597	1.0000008	0.88628554	-0.79690486	-0.53800046	-0.88546866	-0.41743085	-0.48578674	-0.44527072	-0.5202392	-0.44593176	-0.11729268	0.112776585	0.038807664	-0.070145346	-0.18213795	-0.0093403235	0.10679085	0.055028774	-0.10312409	0.03476304	-0.12622173	-0.10788249	0.070712484	0.03716603	0.06921003	0.025971757	0.13518801	-0.10624792	0.05102275	0.01320342	-0.020975605	-0.030787393	0.029617421	-0.020975605	-0.08794479	0.010987817	-0.048787996	0.08118942	-0.034382097	-0.061132956	-0.0546141	0.06495343	0.06495343	0.07146298	0.06275754	-0.058103986	-0.058103986	0.07299212	0.032288723	0.07745907	0.07099894	0.029985847	0.053424343	0.038507685	0.038507685	0.011025892	0.038507685	0.030596053	0.030596053	0.020057512	0.022215683	0.008323019	0.021096189	0.002760905	0.021020638	0.018268961	-0.003545552	0.004081932	-0.14507139	-0.079794265	-0.016969794	0.11544856	-0.07375825	0.00038752586	0.039710615	0.10030325	-0.14470568	-0.04381206	0.030093735	-0.017174063	-0.054550823	-0.056796636	-0.06474856	-0.06705982	0.019201623	-0.015688183	-0.016835222	-0.016835222	0.012234263
0.16853523	-0.35713735	0.52239186	0.52239186	-0.36594233	-0.28382176	0.75377846	-0.12248561	-0.43450305	-0.47020394	-0.7667285	-0.12479707	-0.5069525	-0.14160359	-0.50012904	-0.9078858	-0.48365062	-0.50012904	-0.48365062	-0.50012904	0.88628554	1.0	-0.90440005	-0.40556273	-0.77194893	-0.48147798	-0.5345162	-0.5093427	-0.39300397	-0.4603779	-0.118289664	0.073857814	0.11952281	-0.06120628	-0.2046897	-0.01348705	0.12637651	0.07030058	-0.12937881	0.038295582	-0.14351091	-0.12835519	0.08283796	0.039631862	0.08200315	0.029629298	0.09555491	-0.13979888	0.040504847	0.03080629	0.0064001195	-0.02793868	0.04548661	0.0064001195	-0.10522571	0.025030205	-0.06778691	0.110988945	0.020513663	-0.12576753	-0.11806832	0.07528445	0.07528445	0.08061582	0.060194153	-0.12240994	-0.12240994	0.069289334	0.036480162	0.07483611	0.05217155	0.034978263	0.042952348	0.0021811465	0.0021811465	0.0039955503	0.0021811465	-0.0064808098	-0.0064808098	0.01809814	0.021246143	0.024069495	0.020655153	0.019106105	0.0226305	0.026244376	0.0150308525	0.021795845	-0.12278771	-0.04974427	0.0040025157	0.10073851	-0.04910751	0.028585263	0.06276788	0.10817484	-0.11776806	-0.033535384	0.032855347	-0.020658081	-0.015701408	-0.030680656	-0.03892767	-0.04015613	0.008841629	-0.014106531	-0.014720367	-0.014720367	0.0033306293
-0.13346773	0.34858632	-0.48531428	-0.48531428	0.3524437	0.33314106	-0.6742749	-0.17300066	0.29585367	0.347008	0.80076	-0.21898167	0.47604072	-0.21351202	0.4785939	0.943201	0.5425444	0.4785939	0.5425444	0.4785939	-0.79690486	-0.90440005	0.9999991	0.4513471	0.806265	0.5455191	0.50407475	0.571655	0.32771555	0.503366	-0.13510185	-0.11644938	-0.08991181	0.09414548	0.22109194	-0.07029443	-0.12272939	-0.043184835	0.16993694	-0.05243786	0.17800286	0.16505884	-0.06283242	-0.053031076	-0.082442395	-0.04817513	-0.1294539	0.10066929	-0.11257992	0.023938427	-0.026001737	0.024064679	-0.07375169	-0.026001737	0.1461866	-0.045692023	0.0979567	-0.08699554	-0.020323863	0.11367862	0.11356222	-0.07012886	-0.07012886	-0.074598916	-0.04916414	0.10997974	0.10997974	-0.057421546	-0.03223922	-0.064557426	-0.04863703	-0.03937187	-0.05514872	-0.019930255	-0.019930255	-0.024559675	-0.019930255	-0.010339781	-0.010339781	-0.02762498	-0.031512093	-0.027669488	-0.03130414	-0.023177838	-0.034789346	-0.02609318	-0.023860043	-0.009289747	0.09283666	0.04280446	-0.0023588282	-0.08454331	0.042604495	-0.03092558	-0.044931836	-0.08733972	0.09042397	0.036923613	-0.026650287	0.022392489	0.008710255	0.008507858	0.0338214	0.034312442	-0.0008575297	0.012575538	0.01279293	0.01279293	0.0024642628
-0.13452685	0.54710734	-0.33833736	-0.33833736	0.543054	-0.14655302	-0.43172514	-0.03586666	0.6136859	0.67433625	0.49213025	-0.06653658	0.75275683	-0.067413785	0.77666944	0.39369142	-0.39812627	0.77666944	-0.39812627	0.77666944	-0.53800046	-0.40556273	0.4513471	0.99999934	0.4855296	-0.40030855	0.8042435	-0.33864087	-0.2526859	0.79575574	-0.050082676	0.10612009	0.07016448	-0.090357095	-0.18043593	-0.04663393	0.088268705	0.066258885	-0.14713529	0.098572984	-0.13913743	-0.13821831	0.03589088	0.102470875	0.024265561	0.10308512	-0.017133037	-0.12006987	-0.05251988	0.11821484	0.02963789	-0.075148545	-0.020258315	0.02963789	-0.08539663	-0.019021256	0.064706154	-0.049418293	0.107288726	-0.0073413104	-0.001993904	-0.07402338	-0.07402338	-0.07940794	-0.05097116	-0.004681144	-0.004681144	-0.056005917	-0.06074436	-0.08123017	-0.043666497	0.054542106	0.026928628	-0.06625891	-0.06625891	-0.024221906	-0.06625891	-0.061624244	-0.061624244	0.05228019	0.044587914	0.07553163	0.04727229	0.07829686	0.044940654	0.06430406	0.07345195	0.09126953	0.06518725	0.12045045	0.09453944	-0.038295273	0.1174211	0.08148828	0.056725584	0.038395338	0.06544363	0.08299567	0.0292122	-0.028257655	0.024699312	0.037687883	0.0413362	0.046489026	0.06237352	0.07273902	0.0712351	0.0712351	0.058494624
-0.14778996	0.3709663	-0.53001565	-0.53001565	0.3799749	0.4241969	-0.8211076	-0.1585991	0.35332268	0.3953024	0.9444061	-0.20416602	0.5034416	-0.2139794	0.5157853	0.85317224	0.49434292	0.5157853	0.49434292	0.5157853	-0.88546866	-0.77194893	0.806265	0.4855296	0.99999917	0.5019276	0.5127268	0.5281701	0.4701081	0.48350525	-0.14087127	-0.098392665	-0.088378526	0.05694542	0.21369465	-0.055080228	-0.11210887	-0.068816066	0.14358428	-0.04555969	0.15509598	0.13898177	-0.08214226	-0.047176342	-0.07264857	-0.041181218	-0.18875612	0.07138004	-0.11852225	0.03484535	0.0012125528	0.030366015	-0.052366905	0.0012125528	0.12622786	-0.025551438	0.06902985	-0.04593928	0.048598137	0.042209294	0.03920126	-0.057651922	-0.057651922	-0.06333053	-0.05099132	0.03876007	0.03876007	-0.060466733	-0.030739795	-0.06935738	-0.07590293	-0.05972786	-0.09002252	-0.06584291	-0.06584291	-0.010276886	-0.06584291	-0.046659227	-0.046659227	-0.03564906	-0.03864296	-0.01859861	-0.03791579	-0.01787589	-0.039466187	-0.04056587	-0.00707225	0.0051152203	0.11695138	0.0708626	0.007843598	-0.11678289	0.06529785	-0.00024477756	-0.015073923	-0.077889025	0.119212374	0.03807835	-0.03983873	-0.0012616436	0.055163853	0.043239016	0.06121079	0.06276624	-0.017239185	0.017962482	0.018709172	0.018709172	-0.0031160782
-0.004899616	-0.23875451	-0.25004905	-0.25004905	-0.23033649	0.63485694	-0.37383595	-0.14799222	-0.35345918	-0.37456375	0.4648624	-0.17716222	-0.33571926	-0.17261568	-0.35383177	0.5358475	0.9836138	-0.35383177	0.9836138	-0.35383177	-0.41743085	-0.48147798	0.5455191	-0.40030855	0.5019276	0.99999857	-0.34529668	0.96354616	0.8014978	-0.3375319	-0.115200534	-0.280053	-0.08724165	0.20367356	0.41709423	-0.053542737	-0.19302878	-0.09671228	0.3357285	-0.17569871	0.34439176	0.32565907	-0.08897229	-0.18164982	-0.09742199	-0.17569871	-0.14500888	0.24067391	-0.063219644	-0.10442324	-0.041618243	0.12300058	-0.037375648	-0.041618243	0.24632752	-0.009856031	0.016281802	-0.02558862	-0.08080782	0.06571875	0.06096382	0.02496366	0.02496366	0.024633387	0.0117623145	0.05883947	0.05883947	0.00670436	0.03820149	0.023794187	-0.025532512	-0.087705076	-0.088247366	0.009248312	0.009248312	0.0014804832	0.009248312	0.014556704	0.014556704	-0.07343414	-0.06853186	-0.079126164	-0.07076926	-0.08145059	-0.07034295	-0.08033116	-0.06897219	-0.08390045	0.055647746	-0.04564736	-0.076991566	-0.066696785	-0.043089014	-0.07579378	-0.074915275	-0.11340709	0.058544386	-0.024980465	-0.049314074	0.056799453	0.005399238	-0.0109516	0.012243527	0.0081211645	-0.06797018	-0.056606542	-0.054211978	-0.054211978	-0.057738267
-0.15261759	0.68098545	-0.29969394	-0.29969394	0.6829945	-0.22993183	-0.46980345	-0.0340787	0.7558306	0.8287044	0.508851	-0.05927822	0.93562937	-0.07127109	0.96238184	0.5343164	-0.337952	0.96238184	-0.337952	0.96238184	-0.48578674	-0.5345162	0.50407475	0.8042435	0.5127268	-0.34529668	1.0000013	-0.27862957	-0.4070709	0.90272343	-0.056390002	0.19159083	-0.08512929	-0.12990151	-0.14456634	-0.0022149037	0.045860805	0.004844293	-0.14057897	0.11421402	-0.14068796	-0.13668346	-0.025275204	0.11955355	-0.0011988718	0.11914773	-0.022555972	-0.12784967	-0.05585361	0.13115256	0.014013774	-0.10035781	-0.042974222	0.014013774	-0.0927045	-0.043777797	0.06668045	-0.04784012	0.086255826	0.042424172	0.047059856	-0.10751135	-0.10751135	-0.112268336	-0.06326499	0.044930324	0.044930324	-0.067721106	-0.08596289	-0.105299816	-0.036047656	0.028009716	0.007627243	-0.050886594	-0.050886594	-0.00773073	-0.050886594	-0.03344257	-0.03344257	0.040370513	0.03088981	0.048879366	0.033327006	0.05139005	0.028704943	0.03262413	0.045182034	0.07005371	0.05708201	0.095490836	0.06693547	-0.046169464	0.0927479	0.043357406	0.031629074	0.012254457	0.051536568	0.05840067	0.007043412	-0.03714101	0.01415397	0.035516504	0.041588232	0.046271373	0.060119133	0.07800832	0.075845875	0.075845875	0.064456746
0.004116683	-0.19237353	-0.25896367	-0.25896367	-0.18370855	0.6010541	-0.4070602	-0.1376255	-0.28799096	-0.31089404	0.4934555	-0.1688063	-0.27123123	-0.16514795	-0.28860542	0.5593636	0.947623	-0.28860542	0.947623	-0.28860542	-0.44527072	-0.5093427	0.571655	-0.33864087	0.5281701	0.96354616	-0.27862957	0.99999994	0.77005166	-0.2682137	-0.10285295	-0.26865718	-0.09490388	0.19306496	0.41728178	-0.03490075	-0.20142329	-0.11012832	0.3329194	-0.15027413	0.3378998	0.318887	-0.113789104	-0.15623496	-0.1227665	-0.14545532	-0.1551839	0.22277005	-0.064978555	-0.08509702	-0.0480085	0.12592703	-0.02056133	-0.0480085	0.21906199	0.008400099	0.0036148296	-0.0137848845	-0.06463389	0.06344471	0.04980993	0.023593739	0.023593739	0.02303128	0.014305771	0.047560893	0.047560893	0.009121897	0.036158055	0.023548134	-0.029360717	-0.09455153	-0.0905361	0.007370054	0.007370054	0.011201724	0.007370054	0.012289247	0.012289247	-0.05921387	-0.063612126	-0.07290324	-0.06568063	-0.07505246	-0.06478918	-0.07005249	-0.050352514	-0.067219034	0.05653796	-0.03498596	-0.06383036	-0.060630407	-0.032619882	-0.059060715	-0.058293395	-0.094754264	0.05868355	-0.016108522	-0.046950255	0.059890296	0.0073461155	-0.0123112835	0.011770923	0.007961688	-0.061765462	-0.051840696	-0.04937632	-0.04937632	-0.052582484
-0.027961742	-0.3007727	-0.30654418	-0.30654418	-0.2936791	0.6451049	-0.4606627	0.1833717	-0.27074346	-0.306007	0.43561846	0.18864499	-0.39372212	0.20340401	-0.4163281	0.31230396	0.7971288	-0.4163281	0.7971288	-0.4163281	-0.5202392	-0.39300397	0.32771555	-0.2526859	0.4701081	0.8014978	-0.4070709	0.77005166	0.99999875	-0.40733242	0.15757774	-0.284038	-0.011012613	0.18544386	0.35515824	-0.00013924438	-0.17406666	-0.089711644	0.28130385	-0.1525596	0.2975377	0.27531523	-0.07665547	-0.15974458	-0.090880856	-0.14790694	-0.10739357	0.26731634	0.018838327	-0.16741996	0.0061781816	0.14168356	0.008160612	0.0061781816	0.20379551	0.020705413	-0.0046681208	-0.05200054	-0.041603327	0.02592744	0.018697897	0.023024494	0.023024494	0.021076838	0.003214794	0.020155571	0.020155571	-0.0030658552	0.03351639	0.01042317	-0.04448733	-0.031809367	-0.04733746	-0.024140166	-0.024140166	-0.004815226	-0.024140166	-0.020697588	-0.020697588	-0.048732758	-0.04246647	-0.035988785	-0.04379661	-0.03737671	-0.040182013	-0.03992958	-0.027852409	-0.052578177	0.08446629	0.0012495255	-0.049117018	-0.09923271	0.0027746588	-0.033203926	-0.04870431	-0.10216549	0.09068696	0.014049137	-0.044723768	0.088152826	-6.984623e-05	0.010786415	0.018603547	0.016203398	-0.067791775	-0.057668842	-0.054626543	-0.054626543	-0.06325
-0.13068816	0.6565939	-0.27234322	-0.27234322	0.6582072	-0.25217178	-0.43537787	-0.04270866	0.7105347	0.7977678	0.47813618	-0.065748826	0.8950105	-0.07723261	0.92204124	0.49822098	-0.33569145	0.92204124	-0.33569145	0.92204124	-0.44593176	-0.4603779	0.503366	0.79575574	0.48350525	-0.3375319	0.90272343	-0.2682137	-0.40733242	0.99999845	-0.068388395	0.19446293	-0.08596871	-0.101676255	-0.13926777	0.003272352	0.017030237	0.03491613	-0.14000328	0.114975855	-0.14814456	-0.14332181	0.015753815	0.12066155	-0.003128728	0.12002224	-0.04211087	-0.1662659	-0.092940316	0.16506143	0.0041925446	-0.117572375	-0.0632502	0.0041925446	-0.097909406	-0.055161245	0.06418126	-0.024122182	0.07147011	0.058613986	0.05823958	-0.10752771	-0.10752771	-0.11216756	-0.049546033	0.061096847	0.061096847	-0.053971082	-0.08406909	-0.096036434	-0.023065975	0.035058327	0.01923943	-0.03968989	-0.03968989	-0.0042302394	-0.03968989	-0.021699473	-0.021699473	0.044555653	0.03464059	0.04754347	0.037017815	0.049996212	0.031840667	0.03328773	0.044764474	0.084339045	0.036309298	0.095856994	0.07938401	-0.022293612	0.08765265	0.035688642	0.02065143	0.015389314	0.03159421	0.032344885	0.01056806	-0.0630544	0.024193842	0.019040676	0.023273671	0.027767252	0.090642676	0.09670118	0.0944227	0.0944227	0.090218395
